WEIGHTS
320
0.0988805
0.350376
-0.105527
-0.581662
0.590029
-0.562812
-0.662931
0.278466
0.247329
0.356396
-0.284003
0.133781
-0.343924
-0.0238773
-0.0607179
0.0944576
0.0877503
0.630328
0.203254
0.599593
-0.278831
0.359087
0.522286
0.399698
0.305252
-0.511654
0.15138
0.296385
-0.169108
-0.515502
-0.304673
0.403243
0.400424
0.185604
-0.199299
-0.131864
-0.259339
-0.429477
-0.355062
-0.00895579
-0.399823
0.410771
-0.1143
-0.489715
-0.2164
0.386093
0.0138819
-0.148359
-0.32805
0.149976
-0.473973
-0.0851202
0.488444
0.138498
-0.414846
-0.690226
-0.415808
-0.566471
0.332075
-0.0264034
-0.423487
0.405586
-0.255272
-0.345809
0.0549682
-0.273277
0.0734299
0.234712
0.299654
0.196412
-0.403167
0.303202
0.348818
-0.0307208
0.591961
-0.684201
0.044104
0.483742
0.284832
-0.0661307
-0.218692
-0.609985
-0.259341
0.515788
-0.34798
0.497536
-0.331417
-0.298455
0.644648
0.218576
-0.331808
-0.410219
-0.417247
0.515546
-0.340941
0.236317
-0.478659
-0.30498
0.0171603
0.137687
0.859728
-0.332528
0.603486
-0.437487
0.000466229
-0.592619
0.165167
-0.323982
0.105073
0.117767
-0.545869
0.572812
0.0190381
0.0576728
-0.288675
0.321571
-0.199838
-0.385396
0.217253
-0.369258
0.0903439
-0.308429
-0.618548
-0.412602
-0.316855
0.280971
0.78951
-0.647545
0.318788
0.0128591
0.0976457
-0.308607
-0.12022
-0.387194
0.502923
0.225272
0.406137
0.464855
-0.583034
0.435296
0.612367
-0.246214
-0.0366433
-0.0923359
-0.475072
0.294376
-0.00446022
0.283907
-0.373381
0.22581
0.154637
-0.38215
0.371742
0.00991572
0.696548
0.282334
-0.460844
-0.269182
-0.434127
0.590859
-0.30941
0.047136
-0.65644
0.00168821
0.564318
-0.104511
0.118756
0.00247288
-0.663369
0.831096
-0.385742
0.630795
-0.45894
0.0859054
-0.0410956
-0.468923
0.146691
0.505817
-0.362116
0.301998
0.26365
-0.0992535
0.619798
0.308796
-0.332308
-0.161178
-0.260936
-0.343624
0.414468
0.395187
0.0157969
0.0653583
-0.35465
0.713734
0.143314
0.508056
-0.183619
-0.114522
-0.451544
0.175968
-0.168373
0.0768837
-0.0769453
-0.0588393
0.306165
-0.345812
-0.259259
-0.428255
-0.394692
-0.197917
0.187619
-0.27899
-0.00633386
0.255269
-0.331319
0.331028
-0.290075
0.579047
-0.265097
-0.38074
-0.182238
-0.436437
-0.532368
0.143613
0.125335
-0.476707
0.0936569
-0.108431
0.660182
-0.187071
-0.0812141
-0.196731
-0.217218
-0.177592
-0.540003
0.00978412
0.62638
-0.20787
-0.314123
-0.19443
0.380349
0.32848
0.0184062
0.172754
-0.233222
0.197701
-0.314856
0.358701
0.327978
-0.241212
-0.231367
-0.135743
0.0677287
-0.0653917
-0.432477
0.505147
-0.415736
0.217876
0.366713
0.541848
-0.0220829
-0.476536
0.240981
-0.283432
0.142374
0.826265
0.514613
-0.00161892
0.227781
-0.481815
-0.384031
0.0270668
0.75292
0.683098
-0.57411
-0.102979
-0.438828
0.723091
-0.336718
-0.569102
-0.0587087
0.591897
-0.119328
-0.562126
0.290984
0.305664
-0.222765
0.182555
-0.159837
-0.327052
-0.194569
0.586784
0.175446
0.349886
-0.356895
0.59914
-0.174862
-0.380444
0.527521
-0.211462
0.293396
0.114303
-0.754642
0.470226
0.213815
-0.379077
0.205723
-0.399235
-0.346704
-0.1854
0.381232
0.201101
0.309914
-0.556569
-0.272456
-0.344103
0.286064
0.342497
-0.360329
-0.528773
BIAS
10
-0.0233337
0.0104915
0.0068452
0.0640365
0.0555086
0.0837459
0.0937243
-0.00780817
0.477468
0.239312
