WEIGHTS
320
0.115035
0.297882
0.444438
-0.197807
-0.24162
-0.243492
0.360626
-0.278284
0.0649232
-0.291029
0.662076
-0.252872
0.222702
-0.278845
0.222628
-0.0861987
0.0495788
0.300766
-0.577473
-0.480871
-0.1513
0.363903
-0.733422
0.536081
-0.227921
0.707797
0.434508
0.124494
0.407059
-0.260413
0.214891
0.431733
0.410347
-0.0552894
-0.252724
-0.0578344
0.192751
-0.232224
0.129745
0.0979354
0.398006
-0.130327
0.00784352
-0.154658
-0.0508836
0.624722
-0.0692424
0.280528
0.0256572
0.601215
0.360411
0.230773
0.264843
-0.575758
0.460831
-0.608807
-0.319081
-0.368528
-0.0870419
0.0730191
-0.110334
-0.195568
0.897406
0.457971
-0.640886
-0.359606
-0.121492
0.437335
0.115447
-0.729518
-0.354624
-0.0960207
-0.586476
0.473869
-0.273883
-0.0398314
-0.408103
0.0297866
-0.167984
0.479377
-0.806975
-0.140226
-0.151212
-0.404424
0.154159
-0.685103
-0.306479
0.813931
-0.0888117
0.33192
-0.437282
0.399545
-0.00131258
-0.230424
-0.231619
-0.131592
0.0803193
-0.134606
-0.503732
-0.477096
-0.264222
0.281224
0.376258
0.463706
0.235402
0.468992
-0.255049
0.326569
-0.342089
-0.0457395
-0.242353
-0.164474
0.316534
0.436473
0.00375295
-0.784735
-0.412951
0.46271
0.391114
-0.147952
0.0644833
0.0716431
0.238059
0.187887
-0.607483
-0.491773
-0.426072
0.217291
0.366959
0.166403
0.066512
0.0404167
0.422584
0.702168
-0.200317
-0.267156
-0.317634
0.288312
-0.278996
-0.480942
0.0636967
-0.0273405
-0.497345
0.519674
-0.0291254
-0.483231
-0.286273
-0.388209
-0.0199088
-0.0889981
-0.306854
0.58586
0.267119
-0.22453
-0.451123
0.287232
-0.0639073
0.387091
-0.0507711
-0.290378
-0.120698
0.191805
-0.387313
-0.37664
-0.062158
-0.163035
-0.455531
-0.253637
0.0995458
0.547208
-0.591745
0.344193
0.263694
0.565218
-0.379759
0.650834
-0.449636
-0.00646728
-0.316563
0.0190161
0.611135
0.138065
-0.0838481
0.0748192
0.080741
0.0570613
0.286768
0.69924
-0.490334
-0.305429
0.547587
-0.770875
-0.252394
-0.0976689
-0.730046
0.426441
0.0785212
-0.553732
0.366353
0.255467
-0.363441
0.377943
0.451619
-0.544747
0.244859
0.334313
0.334224
-0.419282
0.0637942
-0.519398
-0.423633
0.375639
-0.137188
0.359253
-0.0661426
-0.0261823
0.303258
-0.242137
0.330829
0.15137
-0.315512
-0.438646
0.151378
-0.33501
0.0647032
0.162144
-0.439007
-0.179829
0.106529
0.477967
-0.0474073
-0.0389737
-0.328575
0.40187
-0.62308
0.659363
0.200658
-0.618387
0.574969
0.372969
0.175681
0.52637
-0.349858
-0.471454
0.120375
0.300432
-0.174151
0.327517
-0.275637
-0.263674
-0.614779
-0.00542734
-0.353576
-0.503755
-0.0293437
0.226409
0.180932
-0.302847
0.748146
-0.517433
0.0993448
-0.570875
0.113918
0.349031
0.487887
-0.55536
-0.612461
-0.0224522
0.379697
0.574515
0.226305
0.132907
0.388707
0.0581787
-0.181409
0.302805
-0.334936
0.350111
-0.058152
-0.364088
0.0346835
-0.514599
-0.445663
0.0976381
0.440954
0.432382
-0.551302
0.0166601
-0.676513
0.58837
0.470289
0.382282
-0.0633014
-0.346995
0.555101
-0.586722
-0.112381
-0.0331097
-0.0417368
0.628875
0.300271
-0.356614
-0.300873
0.174064
0.311316
0.0672573
1.1975
-0.0673968
-0.22127
0.295302
-0.184405
0.539762
0.0369635
0.159628
0.982436
0.267166
-0.275523
-0.091994
-0.117755
-0.0837091
BIAS
10
0.0508316
-0.15293
0.084154
0.0769397
0.156419
-0.0165454
0.140447
0.017833
0.476209
0.16664
