WEIGHTS
4096
-0.0876911
0.0379385
0.135331
0.0784785
-0.263675
0.119606
0.060922
0.141249
0.122536
0.134908
-0.127298
0.280825
0.0693708
0.259848
-0.210867
0.1074
0.191047
-0.0787521
0.125649
0.000248384
0.137932
0.0812054
-0.240753
-0.0745368
-0.0990357
-0.165313
0.103647
0.0493215
0.127156
-0.386247
0.403373
-0.0706608
-0.161898
0.0680131
0.057393
0.278974
0.165829
0.203175
-0.0711678
-0.160746
-0.252184
-0.214895
-0.121528
-0.0987558
-0.216133
0.264767
-0.284536
0.0896838
0.0560615
0.07325
-0.00557556
0.0727107
0.108802
0.0274246
-0.143992
-0.0472547
0.0100222
0.0145611
-0.158204
-0.0774529
-0.105392
0.0176325
0.206327
-0.075177
0.0976258
-0.100243
0.0333246
0.185166
-0.151329
-0.0392388
0.149627
0.0663645
-0.254067
0.0998465
-0.0631682
-0.126405
-0.325745
0.113115
-0.356236
-0.113175
-0.197716
-0.240239
-0.375346
-0.196077
-0.0228432
0.414232
-0.152975
-0.0999689
-0.118843
0.0476582
0.272533
-0.206621
0.125504
0.196754
0.0819136
0.0331
0.207221
-0.070148
-0.0527803
-0.084228
0.219934
0.0262833
-0.240843
-0.13131
0.200305
-0.00789813
-0.204152
-0.224198
-0.050175
-0.0104106
-0.197737
-0.00831744
0.259834
-0.299153
0.176407
-0.117257
-0.290795
0.308592
-0.0693761
0.240478
-0.146573
0.214754
0.2939
0.134546
-0.153904
0.1259
-0.0395458
-0.0251834
0.20186
0.038372
-0.237714
-0.19777
0.193517
0.237317
-0.310894
-0.367728
0.0592489
-0.253345
-0.123139
0.0979628
0.0455992
-0.0532875
0.276726
0.116034
-0.178698
0.151002
-0.229251
0.135408
-0.179515
0.114201
-0.024774
-0.222613
-0.0269076
0.0123576
-0.0946597
0.0801488
0.154632
-0.0913892
-0.219277
0.0245526
0.0730891
0.266571
0.164997
0.0362879
0.294679
-0.0123368
-0.155092
0.146953
-0.00793689
-0.0175165
0.104509
-0.210692
0.0762834
0.143231
-0.0846618
0.0497254
0.0861496
0.217941
-0.137363
-0.181277
-0.275936
0.0143175
0.0926087
-0.0428189
0.283801
-0.0899439
-0.0549934
-0.176998
0.185074
0.195404
0.237484
0.210637
-0.0204366
0.268488
-0.019067
0.132119
0.128323
0.116123
0.37396
0.129187
-0.225973
-0.00956596
0.131677
-0.102241
0.476802
0.184165
0.0802414
-0.247106
-0.0442213
-0.044863
0.0113113
-0.139298
0.0179588
0.189923
-0.270373
-0.107057
0.162544
0.090894
0.139929
0.0888692
0.0583065
0.192302
-0.179791
0.01518
0.129357
-0.127779
-0.138381
-0.0581524
0.0229916
-0.201809
-0.0767752
-0.17776
-0.162554
0.115502
0.0102654
0.141117
0.143174
-0.0298401
0.124382
-0.0378448
0.145801
0.0550246
-0.265151
-0.169754
-0.172058
-0.271586
-0.0320511
-0.0263485
0.145665
0.125249
-0.00282037
0.0493242
-0.302794
-0.120694
-0.0285819
-0.107614
0.0549772
0.0644611
-0.209879
0.106487
-0.0129769
-0.265853
-0.0405601
0.155506
-0.225477
0.0591845
-0.156767
-0.0825239
0.318066
-0.0623236
0.161666
0.0424736
0.103551
0.126366
-0.392163
-0.194069
-0.210531
0.291278
-0.0739668
0.284845
-0.157416
0.122172
0.160573
0.145447
0.035962
0.0891785
-0.127178
-0.253969
0.235005
-0.0488734
0.0628596
-0.13729
0.0923928
0.336501
-0.196641
-0.0911478
0.0986477
-0.0700214
0.177007
-0.00326931
0.204055
-0.437611
0.325184
0.134052
0.123976
0.103313
0.160936
0.142957
0.330701
-0.0187857
-0.112029
0.157813
-0.0842384
-0.0736353
0.253491
-0.0127396
0.214881
-0.0895148
0.200115
0.256268
-0.175504
-0.283298
0.016197
0.0286197
0.146314
0.0450398
0.02601
-0.126349
0.106434
-0.0104416
0.03732
0.185276
-0.0470565
-0.0515532
-0.00719161
-0.282447
-0.174035
-0.140855
0.0981074
-0.0786763
-0.0358848
-0.213265
0.152182
0.147426
0.0333461
0.140557
0.220721
0.13283
0.0353968
-0.269289
-0.184764
-0.0282486
0.0492993
-0.32142
-0.124746
0.0408736
0.16029
0.211465
0.192467
0.0739701
0.0879682
-0.147314
-0.127709
0.252613
-0.0637619
0.00910037
0.140001
-0.0239621
0.193032
0.082019
0.0258557
-0.212949
0.0455754
0.0495544
-0.126403
-0.184744
0.108841
-0.297009
-0.179754
-0.225035
0.160907
-0.210617
-0.0576733
-0.20966
0.156298
0.00913879
0.191237
0.0019218
0.0629936
0.12022
-0.162755
0.245167
-0.183969
-0.0898018
0.209898
-0.0115487
0.0904289
0.0202437
-0.479664
0.243174
-0.243927
-0.0940165
-0.0649553
0.130673
0.130188
-0.00386757
-0.183501
-0.239665
-0.160534
-0.0786524
-0.133103
-0.149347
0.306008
0.0564679
0.0517939
0.172869
0.0690468
-0.115732
0.0635216
-0.145144
0.294066
0.0915335
0.00218859
0.231209
-0.228569
0.145081
-0.179313
-0.0137335
-0.155966
-0.293875
0.172061
-0.107215
0.100841
-0.130503
0.0151447
-0.129056
0.101132
0.255095
-0.236485
-0.00334815
-0.209703
0.0684424
0.126254
-0.196294
-0.28279
-0.190541
-0.21496
-0.274821
0.146128
0.0540496
-0.0407987
-0.0116397
0.110586
0.0692267
0.129796
-0.0445064
0.0654978
0.125467
0.153127
-0.196578
0.0735623
0.0264724
-0.121993
0.0761899
0.0247643
-0.0886719
-0.172686
0.196464
-0.0622469
0.0490244
-0.123582
-0.216621
0.110916
-0.27057
0.155785
-0.128599
-0.172001
-0.226454
-0.123289
-0.34814
-0.111702
-0.0120255
0.136671
0.203686
0.0665474
0.0249978
0.0343894
-0.156831
-0.156417
-0.145482
0.142403
0.0596213
0.0826509
0.151141
0.1036
0.160129
-0.0507286
0.0705026
-0.213627
0.0799608
-0.0970615
-0.173892
0.170843
-0.104289
0.117545
0.209196
0.108517
0.0476292
0.227842
-0.237238
-0.0987911
0.0727613
0.213528
0.0848922
-0.239525
-0.14912
0.0554275
0.347338
-0.230155
-0.175537
0.0096185
-0.0103859
-0.200129
0.0139871
0.110638
-0.0365736
0.00309054
0.0721179
0.0999006
0.0159464
0.00862853
-0.15558
-0.0513741
-0.127665
0.134001
0.0366449
-0.226843
-0.056494
-0.295479
-0.0290735
-0.188682
-0.0709952
0.196348
0.337527
0.0955387
0.0205992
0.204116
0.0177828
0.0345564
0.191917
-0.0614236
0.193632
-0.429771
-0.145135
-0.041781
0.0745405
0.20651
0.182681
0.233124
-0.0276005
-0.01672
-0.0878298
-0.408824
-0.148948
-0.278364
0.216606
0.181406
-0.103519
-0.215293
0.318781
-0.00525256
-0.156007
0.158564
-0.163528
-0.0820321
0.130027
-0.0647816
-0.170752
-0.0742149
-0.20096
-0.209556
0.291944
-0.112207
-0.225137
-0.119337
-0.0547078
-0.0635735
0.168357
-0.0374421
-0.190345
-0.0622436
-0.210972
-0.267599
-0.286193
0.176168
0.223857
-0.26678
0.303193
-0.00871579
-0.0316551
-0.213885
0.121953
0.0279917
0.0994605
0.10879
0.0790689
0.0781807
0.0826695
0.0329949
-0.187835
0.0489621
0.104929
0.15906
-0.0455213
-0.145698
-0.235949
0.208699
0.0598309
-0.0821597
0.182319
-0.100988
-0.115504
0.128204
-0.113026
0.3161
0.0816389
0.244782
0.0792229
-0.143746
0.327295
0.241608
-0.128405
-0.179401
-0.209713
-0.0218394
-0.0713932
0.142051
-0.310401
-0.173757
0.0870452
-0.237614
0.0568903
0.133249
-0.0715229
0.184869
-0.0490245
0.18747
0.151999
0.207281
-0.178281
-0.0390209
0.167754
-0.217254
-0.078496
-0.05045
-0.0953457
-0.0616535
-0.0408766
0.114174
0.0353307
-0.177902
0.216578
0.159074
0.0165888
0.0456074
0.135987
-0.0115531
0.0579846
-0.123564
-0.030362
0.188222
0.141421
-0.243523
0.00429996
-0.181028
-0.0180744
0.0492597
0.0929118
-0.154737
-0.297475
0.242748
0.184565
0.0762793
-0.105712
0.139019
0.33499
0.154549
0.0320264
-0.0177784
-0.11216
0.311952
-0.193053
0.119669
-0.295369
0.401203
0.120644
-0.202767
-0.19684
-0.382272
-0.13861
-0.0231345
-0.146498
0.142511
0.358477
0.232515
-0.017147
0.000173128
-0.173925
-0.0971748
0.352672
-0.0160438
-0.148645
-0.148618
-0.203022
-0.110221
-0.0826021
0.244468
0.198608
0.0300545
-0.00704641
-0.00324709
-0.187792
0.118258
0.132885
-0.130106
-0.192579
-0.110289
-0.153206
0.0796282
-0.0807622
-0.15403
-0.116242
0.0237061
-0.126025
-0.0916109
-0.183615
0.297125
-0.0605926
-0.00974101
0.178499
-0.252905
-0.0146301
-0.239411
0.101693
0.109161
-0.120157
0.0465408
0.201515
-0.27377
-0.0437504
-0.242854
-0.0291809
-0.023004
-0.0658116
0.342257
-0.0971609
0.0721694
0.026885
-0.0851956
0.213491
0.0122364
0.0961566
0.294854
0.0675479
0.082713
0.0771753
0.0138011
-0.019231
0.232454
-0.202698
-0.127326
0.0638729
0.0359722
0.18806
0.0438821
-0.00887994
0.154302
-0.0556185
-0.064512
0.0297447
-0.235881
0.168312
0.149193
-0.322358
0.112286
0.144204
0.00500827
0.10848
0.1641
-0.122889
0.15578
0.0130287
-0.114532
-0.0553094
-0.24393
-0.147995
-0.17676
0.10669
0.294168
-0.191666
0.11001
0.127896
0.123663
-0.00542493
0.086095
0.0410563
0.0296786
-0.0741881
-0.12392
0.0256944
0.0851474
-0.0622474
0.286558
0.269859
0.196182
0.217292
-0.162871
0.139541
-0.0122715
0.00757455
0.165708
-0.169789
0.194015
0.19185
0.056528
0.104728
0.0535556
-0.195484
-0.0628535
0.22219
-0.170505
0.203592
0.262339
0.098737
0.0349181
-0.0919105
0.1433
-0.0284935
-0.146666
-0.0495495
0.116371
-0.0898375
-0.234135
-0.216354
0.316565
0.138978
-0.0158762
-0.058704
-0.0768602
0.134713
0.211342
-0.274583
0.307757
0.0400489
0.21812
-0.0167468
-0.144172
-0.266668
-0.211672
0.179474
0.278013
-0.238918
-0.0217948
0.12937
0.0828154
-0.146055
0.0563881
-0.179664
0.0930264
0.093105
-0.13179
0.21316
-0.101439
-0.138432
-0.118729
-0.190449
0.0345431
0.154984
-0.000353897
-0.145965
-0.141529
0.108993
0.192032
-0.20793
0.083874
-0.153473
0.0368703
0.234652
0.177151
0.0586381
-0.0609183
0.0206219
-0.188806
-0.12228
-0.0527717
-0.112525
0.270314
-0.0418125
-0.0110916
-0.172259
-0.0231986
0.0445806
0.153213
0.06373
-0.227108
0.176654
-0.136364
0.172067
0.00325993
0.227518
0.0275204
-0.104473
0.280271
0.040061
-0.0504403
0.201851
-0.216753
-0.0233557
0.00479335
-0.0783197
0.0136552
-0.127451
-0.109061
-0.0852393
0.102533
0.206818
0.0635233
-0.106499
-0.143007
-0.243255
-0.0886681
0.0787441
-0.163839
-0.195904
-0.0211492
0.192006
-0.0325393
0.102765
-0.188746
-0.1123
0.134891
0.0988933
-0.129738
-0.0603396
0.21515
0.135165
-0.0230668
-0.0983959
0.133565
0.123385
-0.274187
0.144586
-0.200028
0.177944
0.0165914
-0.167051
-0.0974534
0.2864
-0.0657658
-0.286653
-0.00887631
-0.0606923
-0.251805
0.0453169
0.127047
0.0254065
0.0229971
0.0896967
-0.053139
0.116815
-0.0830771
-0.0591309
-0.46695
-0.200223
-0.143905
0.132588
-0.0651042
-0.177681
0.0343306
0.0586982
0.335988
-0.130859
-0.228861
0.0639251
0.0243615
0.298851
0.246728
-0.1876
-0.123044
0.0189761
0.109623
-0.400664
-0.0454029
-0.242075
0.191873
0.0967954
0.0244332
-0.121806
-0.0523789
-0.0219884
0.337473
-0.00211228
-0.111511
-0.000520004
0.151645
-0.0222369
0.411056
-0.130509
-0.119845
-0.109124
-0.0725603
0.115868
0.248386
-0.202394
0.0784375
0.198956
-0.00689827
-0.0243261
-0.317853
-0.0495313
-0.0540432
-0.0561452
0.142875
0.0875785
-0.217106
0.288112
-0.162988
0.0786347
0.136514
-0.0134571
-0.0878201
0.0699261
0.128458
0.180956
-0.248734
-0.0656585
-0.230927
-0.146367
0.106999
-0.142055
-0.40718
0.0251319
-0.346982
-0.206324
-0.0776872
0.0221752
0.0926715
0.0765486
-0.0957563
0.38428
-0.0776129
-0.118316
0.198869
-0.20321
-0.367376
0.0932523
0.168646
-0.17213
-0.0971394
0.00742184
-0.0981967
-0.201118
-0.165775
0.105293
0.216195
-0.17082
0.0718725
-0.00682005
0.364343
-0.166198
0.0488442
0.40101
-0.022932
-0.191462
0.0555343
0.165898
-0.2234
0.0826799
-0.00464362
-0.291365
0.092033
-0.183674
-0.07602
-0.220324
0.17959
-0.0947167
-0.226703
0.0509933
-0.182872
-0.0998527
0.132914
0.198446
-0.165992
0.0496047
-0.17881
0.203615
0.298667
0.125709
0.0886754
-0.377215
0.107805
0.131015
-0.206087
0.0419188
0.156794
-0.0595878
-0.218657
0.0434381
-0.0231393
-0.237693
0.153424
0.0585335
0.126628
-0.141073
0.105328
-0.232535
0.267392
0.103824
0.194033
0.296387
-0.183605
0.0484173
0.143062
-0.106668
-0.0928312
-0.0586171
-0.216042
-0.173778
-0.16605
0.0124782
0.117664
0.24026
0.0520169
0.00763312
0.0796715
0.214429
-0.312613
0.00188725
0.430643
0.265155
-0.0512398
-0.0604132
-0.135129
-0.0192934
-0.0190516
-0.00687353
0.221315
-0.17715
-0.0576281
-0.0235602
-0.187258
0.0124429
-0.0662118
-0.199306
-0.137293
-0.102364
-0.144458
0.178532
-0.201144
-0.0619028
-0.129375
0.00218826
0.110871
-0.200819
0.372077
0.10167
-0.228524
0.0212399
-0.246404
-0.213087
0.170776
0.0617859
-0.061465
-0.00999375
-0.122774
0.108781
-0.0495129
-0.039747
-0.175408
-0.186997
0.0504628
0.120759
0.030741
0.0943637
-0.108853
0.180129
-0.193501
0.0355561
0.175775
-0.20181
-0.0291147
0.0625028
0.0995957
-0.0194803
-0.121735
0.0304494
0.00493903
-0.294115
0.040611
0.125389
0.218711
-0.0211341
-0.0483613
-0.177726
-0.135322
0.247801
0.0987554
-0.217913
-0.248886
0.0123214
0.228686
0.102359
-0.128939
-0.170518
0.149399
-0.0733436
0.0162644
-0.14795
-0.234713
0.060726
0.206389
-0.0692864
-0.045658
0.330015
0.125302
-0.165263
-0.00754734
-0.123041
-0.261341
0.122034
0.0019357
0.0615281
-0.277449
-0.238815
0.202587
-0.119316
-0.240398
-0.222254
0.134395
0.00498892
-0.15095
-0.0379361
0.191078
0.183934
-0.173454
-0.170506
0.40366
-0.092064
0.228493
-0.0553393
-0.00717938
-0.0449352
0.089567
-0.122112
-0.0170381
0.00937637
0.0585703
0.116189
-0.0769323
0.190537
0.0902765
0.1425
0.142844
0.109011
-0.154261
0.410369
0.206662
-0.174125
-0.185994
-0.234611
0.179713
0.0414569
0.0430217
-0.130919
0.0333632
-0.16657
-0.209698
-0.106141
-0.0274814
-0.273181
0.255497
0.226103
-0.00484259
-0.10395
0.136855
0.157194
0.194059
0.0861371
0.155955
-0.217194
0.0412664
-0.131056
0.254847
0.0163956
-0.0484348
-0.16609
-0.156793
0.28311
0.360685
-0.0263369
0.146166
0.257055
-0.0409092
0.140496
0.103492
-0.192267
-0.162407
0.116509
0.159983
0.120229
0.0492613
0.0367496
0.0651321
-0.119652
-0.180086
-0.115337
-0.101261
-0.056727
-0.131735
-0.195134
-0.0462092
0.120692
-0.0682297
0.116317
-0.32104
0.0948496
0.29683
-0.179258
0.00904543
0.164869
-0.24479
-0.087264
-0.0118876
0.286895
-0.185722
-0.153211
-0.028783
0.204475
-0.0110079
-0.0334953
-0.00153957
0.0173344
-0.235298
-0.0194748
0.0449563
-0.0888694
-0.111738
-0.219096
-0.242151
0.0417381
-0.244335
0.125635
0.340272
-0.00407673
0.170736
-0.15459
-0.159865
-0.315401
0.0568844
-0.126304
-0.235531
-0.156489
-0.0518426
-0.107325
0.141783
-0.00727912
0.0479509
0.0368588
0.13678
0.121688
0.220802
-0.115592
0.169233
0.0562795
-0.0104971
-0.147002
0.00168268
0.216668
-0.151931
0.026859
-0.158451
0.284086
0.272978
-0.0470869
-0.135856
-0.16536
-0.212254
0.05124
-0.150163
0.0473035
-0.210921
0.0834156
0.141227
-0.00607426
0.222235
-0.206945
-0.221399
0.237738
0.124184
0.13609
-0.0659331
0.281639
0.257165
0.141714
-0.131697
0.318871
0.187396
0.175593
-0.165526
-0.164393
0.0599922
-0.0498148
-0.158551
0.131924
-0.121238
-0.132644
0.358047
-0.103148
0.0713253
-0.150904
0.00424447
-0.221728
0.232429
-0.116614
-0.243054
-0.128091
0.185969
-0.131443
0.283975
-0.270475
-0.124805
0.152544
0.00743383
-0.188661
-0.0143901
0.135831
0.219767
-0.017821
-0.0800405
0.0126707
0.15904
0.239805
0.142155
-0.233003
0.179174
-0.0583486
-0.110692
0.0274428
0.0404995
0.0334288
0.23148
0.0944151
-0.14346
-0.1278
0.191086
-0.01534
-0.225277
0.137302
0.088877
-0.109273
-0.143973
-0.00295899
0.144862
0.00889986
0.236399
0.154753
0.283463
0.0883563
-0.0885465
-0.120207
0.000106096
-0.206066
-0.0750057
-0.195941
-0.186303
0.0692995
-0.1192
-0.109578
0.133577
0.301057
0.193534
-0.17687
0.154783
-0.234367
-0.0370799
-0.096777
0.0642843
-0.211075
-0.122977
-0.125971
0.0509279
-0.187063
-0.118057
0.346693
0.299539
0.268863
-0.100816
-0.141576
0.08327
0.179887
0.320622
-0.15686
-0.137474
0.270695
0.113082
0.138018
-0.0104256
-0.183576
-0.175847
0.0374572
0.236381
-0.0862115
0.118106
0.0546577
-0.0434082
0.087214
0.238536
-0.0112745
0.119048
-0.108831
0.182148
0.17362
-0.246792
-0.00889881
0.29575
0.290453
-0.0464396
-0.0685571
0.192707
-0.346198
-0.277921
0.156628
0.192198
0.1721
0.0836365
-0.0368646
0.257397
-0.189226
-0.0753522
0.0923366
-0.157925
-0.301782
-0.0316862
-0.168685
0.263624
-0.00197842
0.0495439
0.162322
-0.0740859
0.0887277
0.163277
-0.12193
0.247779
-0.00407069
-0.110171
0.061739
0.26522
-0.113579
0.0765864
0.0918866
-0.203133
-0.0888791
0.116053
0.141232
-0.388626
0.291643
0.17285
-0.0919208
-0.271661
0.0381495
-0.125334
-0.0947016
-0.188864
0.0779853
-0.166405
0.184182
-0.159513
0.119169
-0.123728
-0.0130888
-0.0082164
-0.0342968
0.110266
-0.20033
-0.144212
-0.0280374
0.283725
0.0721458
0.0818307
-0.0810477
-0.0468052
0.080861
0.0621568
0.0963761
0.0679862
0.14842
-0.0710066
0.225807
0.256958
-0.0566975
0.186962
-0.0233008
-0.16396
0.141704
-0.196917
-0.0154216
0.203059
0.280208
-0.0446408
-0.193003
0.219639
-0.0132139
-0.134757
-0.109586
-0.315044
0.138191
0.225934
-0.0678868
0.0857501
0.0512848
0.0174369
0.193773
0.155182
-0.00795176
-0.0363252
0.182608
0.124289
-0.190427
0.0871618
-0.018273
0.0496942
-0.05232
-0.338612
-0.261206
0.208406
0.0830757
-0.224666
-0.102244
-0.242975
-0.0453937
0.0647259
-0.0652612
0.315693
-0.0766737
-0.067847
-0.0256908
0.210124
-0.0586753
-0.0261227
0.130521
-0.094196
-0.0179788
0.191243
-0.057746
0.195778
0.166774
-0.175528
-0.297855
-0.2839
-0.197672
0.0914846
-0.0888969
-0.181073
0.279026
-0.0616367
0.161918
-0.0928769
-0.110298
0.116517
-0.140178
-0.180403
-0.373106
0.0308572
-0.0860456
-0.167392
0.195065
-0.149784
0.36126
-0.014519
-0.0903994
-0.0127394
-0.192277
0.139384
-0.151994
-0.352012
0.170187
-0.283269
-0.103998
0.118237
-0.151718
-0.0295941
-0.205241
-0.104693
-0.201176
-0.210928
0.0757414
0.0782181
-0.127304
-0.0209363
0.0818227
-0.216077
0.192056
8.85678e-05
0.0508815
-0.226455
-0.150833
-0.107072
0.0529157
0.161628
0.0360232
-0.462562
-0.16869
-0.0751346
-0.11859
-0.00963117
0.299616
-0.132931
-0.103574
0.134839
0.0892841
0.102952
-0.139644
0.0159584
-0.0483928
0.0210129
-0.167358
0.214749
0.0140935
-0.22644
0.00619367
-0.11325
-0.227988
0.116069
-0.164382
-0.201615
0.33261
0.248001
-0.0930042
0.1562
-0.144519
-0.187913
-0.103327
0.171893
-0.18002
-0.244311
-0.293888
0.131615
-0.129701
-0.052372
0.172104
0.202145
0.157965
-0.0193039
0.10969
0.269886
0.176217
-0.146333
-0.194196
-0.0582524
0.160087
-0.0770313
-0.0954985
-0.024947
-0.0356269
-0.226893
0.323826
-0.0210492
-0.127414
0.213064
-0.20063
0.0803729
0.171657
-0.0209452
0.0583574
-0.0348646
-0.166099
-0.0122069
-0.201615
0.191939
-0.191633
0.0752183
-0.232127
-0.103303
0.191616
0.107182
0.221404
-0.0626699
-0.0522958
-0.0856198
-0.222512
0.060405
0.374152
-0.258097
-0.00707242
0.194467
0.0666014
0.0160579
0.281174
-0.0283738
-0.219927
-0.184329
-0.173331
0.124738
0.312154
0.0224249
-0.118531
0.0159744
0.0548627
-0.101879
0.409345
-0.300552
-0.134948
0.0829854
0.158626
0.369436
-0.0811629
0.0128331
0.306716
-0.158545
0.120869
0.27912
-0.247402
0.0175327
0.229417
-0.0210978
0.266272
-0.0232485
0.0688091
-0.0197249
-0.0897304
-0.123241
0.152959
-0.101737
-0.0622495
-0.14844
-0.154
0.249996
0.0800163
0.291615
0.116655
-0.118864
0.323074
-0.176107
-0.0415564
0.0861498
-0.115454
0.00345613
0.0619181
0.166937
0.114219
-0.186815
0.047014
0.188419
-0.0394134
-0.0378204
0.157913
-0.0777422
-0.075682
-0.172275
-0.0550711
0.117221
-0.0832392
0.0170006
-0.171399
0.112153
-0.186116
-0.162248
0.38779
-0.296936
-0.109254
0.0923324
0.130322
-0.288145
-0.0866879
0.158959
0.151441
-0.204994
-0.215076
0.205942
0.0630834
-0.246009
-0.0499838
0.173132
0.0899206
-0.253579
-0.0807741
-0.141172
-0.0127073
0.078114
0.0415809
0.284824
0.118341
-0.182697
-0.0942972
-0.317196
0.0378875
-0.12876
0.124984
0.228398
-0.246221
0.34044
0.193466
-0.0406905
-0.19742
0.184783
0.209047
0.0335771
0.261557
-0.452878
0.217032
-0.130161
-0.110499
-0.0546582
0.0163639
0.0584344
-0.0403554
0.0724707
0.0739668
-0.030159
0.0766408
0.0865283
-0.117891
0.189612
-0.121585
-0.0533158
0.341654
0.224518
0.318785
-0.0375305
0.0332971
-0.162959
-0.165895
-0.174921
-0.184119
-0.21878
-0.134617
-0.0751433
-0.095578
0.242448
0.228356
0.0110857
-0.107347
-0.00989151
0.180765
0.0849458
-0.165741
-0.0540976
-0.0146311
-0.090987
-0.108768
0.0678689
0.121874
0.353045
0.25713
-0.12558
-0.0698854
0.194464
0.0125751
-0.183888
0.275622
0.0614446
-0.0838526
0.158531
-0.502923
0.244383
0.298024
-0.153964
0.105102
0.0204046
-0.0209811
0.178642
-0.139721
-0.195853
-0.313392
0.0581473
0.139054
0.196044
-0.278964
-0.0492098
-0.22935
0.148987
0.136223
0.27549
0.176733
-0.180822
-0.207127
0.150751
0.160387
0.181412
-0.146061
-0.177719
0.0530835
0.0711992
0.0619418
-0.0587061
-0.0753046
0.104886
-0.119212
-0.15996
0.185724
0.00312445
-0.0975882
0.181196
-0.0411336
-0.0529968
-0.0209562
0.0632315
0.0200481
0.141777
-0.0356418
0.0430574
0.0160379
-0.0942265
-0.125417
-0.210956
0.200372
0.253795
-0.179393
-0.103206
-0.120154
0.104821
-0.273401
0.0710746
0.216886
-0.00933091
-0.207259
0.273142
-0.180612
0.385454
0.0890731
0.184765
-0.152802
-0.250448
0.206991
-0.0310795
-0.190371
0.159663
-0.129834
-0.0965333
-0.0491482
-0.138994
0.0102175
0.0506895
-0.184257
-0.141415
0.0417828
-0.193468
-0.261744
-0.018733
-0.0168159
0.174966
-0.153998
-0.163564
0.0549171
0.148561
0.0744679
0.28377
0.177467
-0.0730775
0.250468
0.0608756
-0.0923036
0.069797
-0.0304875
-0.10821
-0.140567
0.238288
0.134648
0.0608943
-0.237268
0.277493
0.17462
0.0448721
-0.12466
0.103038
-0.201575
0.187854
-0.202733
0.126756
-0.13554
0.270429
-0.119345
-0.146255
0.0143967
-0.210677
-0.112853
-0.193017
0.0249141
-0.00116341
0.0298118
-0.169681
0.131415
0.099303
-0.117769
-0.289999
0.243839
0.277881
-0.139884
-0.255294
0.144318
0.219816
0.22466
0.211815
0.0236954
-0.167923
-0.283714
-0.0193378
0.17574
-0.0510743
0.00153421
-0.167789
0.0760822
-0.369545
0.0946623
0.0326738
0.134114
-0.177972
0.146926
-0.00861691
-0.0793348
0.105575
-0.138582
0.125703
-0.383809
-0.0622688
0.0263149
-0.143862
-0.140481
-0.289954
-0.0185743
0.245065
0.0222995
-0.0794905
0.0720835
0.162087
0.120552
-0.0469525
0.158641
0.0426508
-0.028743
0.154503
0.423439
0.0149724
-0.0893897
0.120183
-0.0160861
-0.351456
-0.16633
-0.149413
0.460448
0.108896
-0.0333609
0.106106
0.0513281
-0.189216
-0.0464221
0.0186811
-0.00916456
-0.173476
0.324073
-0.00197091
-0.104086
0.112603
-0.128393
0.0133971
-0.283082
0.287282
0.0716692
-0.112838
-0.0692462
0.123074
-0.194413
-0.210553
-0.249827
0.0944999
0.211943
0.0851026
0.0287653
-0.126706
-0.041782
0.210868
-0.187951
0.147811
-0.00703444
-0.0522216
-0.108417
-0.0964292
0.235573
0.177794
-0.306121
0.162234
-0.0705579
-0.0677628
-0.0801912
-0.311876
-0.20161
-0.196496
0.245271
-0.221318
-0.195153
-0.210458
0.168462
-0.270493
-0.098552
0.165762
0.138673
-0.348086
0.0786606
-0.176979
0.0545774
0.263172
-0.035992
-0.0201495
0.313204
0.149112
0.211355
-0.0700703
0.0452285
0.0832657
-0.112515
0.107401
-0.12641
0.143992
-0.103535
-0.357668
0.0306133
0.190592
0.0609994
-0.162301
-0.13653
-0.0691835
0.257295
0.21172
0.0202618
-0.190579
-0.180676
0.205827
-0.0219434
-0.264812
0.115876
0.0562109
-0.211974
0.104668
0.00988666
-0.0916021
0.0204236
-0.00230666
0.306391
0.133619
0.109842
-0.0829721
-0.197209
-0.142458
0.046319
-0.129989
0.0298097
-0.292411
-0.190865
0.298751
-0.112082
-0.284033
0.235871
0.0438926
-0.0122412
-0.00644141
0.0883075
0.339283
0.149323
0.04128
-0.0173607
0.0699261
-0.324736
0.0719657
0.0777496
-0.320904
-0.124745
-0.0509959
-0.142958
-0.0907818
0.0894611
-0.149702
-0.195486
0.14659
0.443481
0.0239407
-0.0681466
-0.234616
0.0772329
-0.160985
-0.199113
-0.207029
0.0415078
-0.131739
-0.147526
-0.301579
-0.196239
0.0295774
-0.181843
0.151866
-0.00485275
-0.249575
0.114399
0.0921949
-0.412018
-0.387031
-0.0739018
0.00632342
0.116666
-0.225673
0.0579346
0.0526099
-0.110775
0.278307
-0.236241
-0.223159
0.0593684
0.0291808
0.142138
0.292049
0.0219953
-0.0628968
0.0686555
0.226398
-0.178711
-0.0666189
0.161179
0.04763
0.0281738
-0.233339
0.111299
0.252032
-0.177362
-0.0139037
-0.21223
-0.0269218
-0.156217
-0.213464
0.206866
0.14718
-0.00014753
-0.00120295
-0.250029
-0.192746
-0.21858
-0.0253358
0.150754
-0.108014
-0.0730832
-0.119815
0.13054
0.311759
0.166134
0.0663469
0.162413
-0.0763854
0.116063
-0.326783
0.0470069
-0.130517
0.0748354
0.280034
-0.14343
0.106815
0.0661104
0.318682
-0.0598464
0.108784
-0.199534
0.157903
-0.123282
-0.0324701
0.00563444
0.0416597
0.0891245
0.198076
0.0779426
-0.0333753
0.166377
-0.160694
0.175322
0.148478
-0.0805664
-0.213399
0.17824
-0.0660868
0.091348
-0.274104
-0.12107
-0.166082
-0.00469771
-0.37773
-0.157126
0.130318
0.188485
0.191783
0.0424491
-0.140948
0.0404838
0.026746
-0.179084
-0.290104
-0.201681
0.00388334
-0.166326
0.111348
-0.237436
-0.198934
-0.265419
0.172668
0.104719
-0.065243
0.254249
-0.176487
0.0647585
-0.130541
0.306205
0.188818
0.0684452
0.0405735
0.0985827
-0.072061
-0.0393554
0.210772
0.197467
-0.193996
0.111831
0.231736
0.0408691
0.104636
0.137694
-0.0335707
-0.326265
0.281043
-0.256228
-0.0270972
0.122958
-0.127691
-0.0255889
-0.175837
0.0644211
-0.224506
-0.0595537
-0.220213
-0.396334
0.0180521
-0.136077
-0.140235
0.159198
0.142708
0.00271565
0.020562
0.0970051
0.122012
0.148783
-0.0687548
0.0985087
-0.05809
-0.00884229
-0.160763
-0.198588
-0.22687
0.317306
0.229571
-0.083949
-0.138551
0.141364
-0.255058
0.197799
0.0419614
0.00832085
0.173895
-0.188722
0.263296
0.248941
0.0328336
-0.433746
-0.145045
-0.226046
-0.259063
0.00395635
-0.15615
-0.0257381
0.178151
-0.115589
0.120658
-0.188757
0.221348
0.290474
-0.0610164
0.169381
-0.317184
0.149739
0.11371
-0.159876
0.0330887
0.0762552
-0.202322
0.225911
0.0931273
-0.0129597
-0.0752095
-0.132833
-0.0478146
-0.297117
0.00112673
0.174388
0.0983188
0.189583
-0.0655616
0.0286168
-0.0113781
-0.0230984
-0.149856
0.115682
-0.152116
0.0614795
0.241313
-0.19044
0.00201164
0.0965286
-0.280307
0.200183
-0.0964467
-0.0883296
0.0650639
0.0121236
0.11963
0.346671
-0.173407
-0.108649
0.238393
-0.229732
-0.115365
-0.149863
-0.165969
0.154298
0.140418
-0.119838
0.308253
0.244663
-0.127617
-0.0862196
0.146787
-0.132896
0.380149
0.148539
0.0355864
0.141112
-0.211209
0.14579
0.159516
-0.0323722
-0.311173
-0.203307
0.247299
0.081753
-0.307189
0.00056286
-0.14138
-0.0807036
-0.0708264
-0.186935
-0.175016
-0.0370165
0.151134
0.0210455
0.233318
0.0852422
-0.234403
0.0816487
0.0560279
0.120365
-0.152168
-0.162703
0.313726
0.0757776
0.168216
-0.0522161
-0.0396866
0.0702123
0.0686987
-0.222477
-0.0607743
-0.242055
0.290809
0.0415299
-0.338844
0.157342
-0.133554
-0.148147
-0.0237408
0.238406
0.0903144
0.21258
0.122812
-0.173495
-0.0652326
0.207521
0.184423
-0.04505
-0.136712
-0.0848045
0.168463
0.203558
0.0782409
-0.1423
-0.0880417
0.0126722
0.152624
-0.0169664
-0.294122
0.17292
0.127254
0.0746814
-0.231362
-0.0996278
0.18321
0.265959
-0.0981942
-0.177522
0.0455543
0.252094
-0.122687
0.300375
-0.211429
-0.30771
-0.137214
0.0374922
-0.00020219
-0.269191
0.0744312
0.111416
0.068572
0.176486
0.0340304
-0.163792
0.0152192
-0.438077
0.0171555
-0.0944279
-0.118471
-0.0328058
0.269787
-0.12033
-0.12353
0.117566
-0.0883115
0.264435
-0.0250243
-0.0743241
0.255431
-0.0252729
0.227664
0.0568586
-0.0160884
-0.334337
0.074523
-0.336522
0.11405
-0.0730546
-0.156714
0.257643
-0.00430188
0.09633
0.208828
-0.127523
-0.155231
0.0817887
0.127478
0.00400176
0.20099
0.0217344
-0.020097
-0.122452
-0.0839839
0.217462
0.292971
-0.0868416
-0.131671
-0.227418
-0.190331
0.132678
0.122888
-0.0455209
-0.0850262
-0.112205
0.177459
-0.250181
0.291463
-0.147362
-0.149382
0.104884
-0.165719
-0.215093
-0.236069
-0.077769
0.0153921
-0.126497
-0.251131
-0.0434986
0.205
0.033923
-0.266559
0.126269
0.373536
0.138674
0.205203
-0.228698
0.0874591
0.0302794
-0.152016
-0.00912375
-0.195132
-0.162081
0.0158296
-0.0846291
0.185756
0.0501403
-0.0145263
0.012366
-0.133777
-0.133001
0.275466
-0.01101
0.169012
0.17022
-0.187767
0.179988
0.11585
-0.113361
0.246355
0.168798
-0.233507
0.10108
-0.0251373
-0.100188
-0.0270823
-0.161586
-0.0158222
0.26955
-0.0850948
-0.0864665
0.0690557
-0.0504768
-0.041708
0.00260102
-0.0788544
0.0167995
-0.051046
-0.346837
0.207553
-0.137257
-0.181859
-0.0746954
0.136643
-0.190524
0.0884282
-0.247182
-0.0443724
0.233583
-0.0332862
-0.00306226
0.00659527
-0.091882
0.178705
-0.334526
0.067723
0.25554
0.276805
0.0465477
-0.139918
0.147874
0.092992
0.217298
-0.0489012
-0.102502
-0.224024
0.00995989
0.0580134
-0.228222
-0.182179
0.0450705
0.0116074
0.0466238
0.04997
0.112773
-0.0572417
-0.109871
-0.182352
0.163747
-0.0605412
-0.0807679
0.204586
0.0123571
0.0363133
0.240247
-0.0253906
0.12492
0.334222
0.045387
-0.0189228
0.162756
-0.243258
0.10015
0.201483
-0.136105
-0.120679
-0.237722
0.103137
0.122113
-0.217741
0.0300414
0.077001
-0.199369
0.0402912
0.179351
-0.215399
-0.0372507
0.00888623
-0.0520691
0.00117025
0.0486212
-0.00265736
-0.321764
0.187794
-0.221371
0.0103144
-0.170614
0.0682479
0.044883
-0.180887
-0.122392
0.277041
0.11443
0.231382
-0.0957547
-0.0983729
0.0416632
-0.0798426
-0.23532
-0.268496
0.228738
0.11454
-0.0496762
-0.250457
0.0348001
0.120592
-0.169362
-0.121501
0.217757
-0.0814849
0.00305211
-0.240282
-0.0498283
0.00585749
-0.0935618
0.193308
0.192076
0.135269
-0.078979
-0.142222
0.140617
0.217187
-0.024994
-0.120496
-0.124115
0.0567127
-0.0379168
0.184456
-0.168923
0.0170704
-0.0592832
-0.0919042
-0.0952473
0.128941
-0.0844366
0.0785334
-0.191852
0.158269
0.247878
-0.0251667
-0.113678
-0.156709
-0.187805
-0.199545
0.157842
0.119609
-0.144734
-0.00508917
0.187451
-0.0415614
0.121271
-0.0296283
-0.122241
0.0289253
-0.150183
0.0307826
-0.0959962
0.0134328
0.215967
0.0160833
0.104152
-0.0825992
-0.0938556
-0.106583
0.237165
-0.12116
-0.189323
0.0203722
-0.0570326
0.01893
-0.11327
-0.342362
-0.00717503
-0.0126521
-0.0151949
-0.179095
0.0311591
-0.0937776
-0.283815
0.172186
-0.245124
-0.206942
0.29384
0.122509
0.150866
-0.0767945
-0.0555815
0.38654
-0.0937204
0.302049
-0.0571246
-0.129532
0.102965
0.110873
-0.349817
-0.328022
0.111276
-0.15392
-0.248887
-0.243979
0.0310194
0.169196
-0.163968
0.0730462
-0.1544
-0.287198
0.0910617
-0.352741
0.141458
0.0133227
0.0894621
0.0823076
-0.142194
-0.0501059
-0.256847
-0.0260031
0.374195
0.13673
-0.25907
0.149413
0.0389931
0.115397
-0.288505
0.121479
-0.131528
0.159298
0.198406
-0.0117974
0.000719883
0.197706
-0.124126
-0.165253
-0.187978
-0.233078
0.145827
-0.12894
-0.105526
0.00750502
-0.0127239
-0.221569
0.00844499
-0.254503
0.153157
-0.0603137
0.18571
-0.131484
-0.20158
-0.192191
-0.259266
0.31997
-0.151966
0.0135791
-0.104775
0.162035
-0.171071
0.148562
0.157314
-0.198469
0.114491
0.164323
0.0596965
0.131591
0.170631
-0.0719389
-0.0838587
0.134467
0.0013042
0.27449
0.123691
0.0311134
-0.105127
-0.183318
-0.381425
0.192393
-0.117011
-0.235828
-0.0986725
0.0156329
-0.098824
-0.0456676
0.093693
0.133876
-0.0209265
0.0282279
0.0399918
-0.44692
-0.0645992
0.170145
0.16334
0.0967474
-0.0264698
-0.167767
0.221118
-0.163532
-0.016423
0.0706513
0.181686
-0.133007
-0.140006
-0.336816
-0.0791892
0.0423615
-0.0167763
0.0503393
-0.479203
-0.109904
0.118139
0.0770607
-0.201918
-0.177937
0.0532862
-0.218446
0.0342428
0.520124
-0.160902
-0.0371846
0.23661
-0.049785
-0.0479829
-0.16495
0.0144318
0.335284
0.249118
-0.217546
0.0521687
0.128698
0.201436
-0.0645006
0.0544872
-0.217707
0.038883
0.226109
-0.00109375
-0.109726
0.0664492
-0.0153599
-0.158324
0.0605839
0.116051
0.0826771
0.0562725
0.0553897
0.209489
0.0452334
-0.35513
0.583205
0.00335637
-0.143107
0.300607
0.0640039
0.0518612
0.180512
-0.202017
0.0533344
-0.175869
0.204757
-0.0699241
-0.181985
0.222622
-0.0533511
-0.264874
-0.22071
-0.0632498
-0.173245
-0.178313
-0.172945
0.0621905
0.263798
-0.2216
-0.123832
0.0676656
0.171496
-0.181128
-0.197794
0.00227269
0.0112517
-0.00828896
0.168879
-0.178003
-0.148976
0.143565
0.282886
0.160195
-0.0879302
-0.155668
-0.0678049
0.112429
0.0907936
-0.350423
-0.162597
0.133408
-0.000822873
-0.251157
0.0582195
-0.120575
0.185856
-0.156242
0.0269096
0.0868129
-0.13469
-0.077429
0.00626437
0.0110315
0.17259
0.190343
0.0824273
0.00368685
0.0148419
0.0528597
-0.140336
-0.161731
-0.00948651
0.16759
-0.0323181
-0.205757
0.0554564
-0.0225926
-0.241227
0.179287
-0.115599
0.199841
-0.137658
0.0811378
-0.0352944
-0.141156
-0.0085002
0.0204433
-0.160999
-0.119689
-0.188972
-0.0732305
-0.195664
0.220691
0.206839
0.169937
-0.0656864
-0.0960094
0.140972
0.14195
-0.273283
0.146677
-0.0398069
-0.134892
-0.217891
-0.251457
-0.0462578
0.256528
-0.202986
-0.145721
-0.164918
-0.0773153
-0.307022
-0.0365243
-0.0354417
0.048558
-0.137792
-0.15887
0.133462
0.127802
0.0630042
0.00457633
0.199277
-0.0588532
0.167835
-0.312108
0.0624491
0.0355116
0.17524
-0.136122
0.0213888
0.24106
0.32971
0.249611
-0.0379436
0.164944
0.193406
0.288662
-0.120088
0.118895
-0.189933
0.232947
-0.137664
0.00428619
0.118268
-0.260143
-0.274853
0.213929
0.107925
-0.238429
0.0488718
-0.315232
0.226586
-0.184555
0.0673987
0.0574349
-0.163618
0.0916462
0.15153
-0.185443
0.382384
-0.0395199
0.148891
-0.01272
0.10006
-0.128183
0.073406
0.0604779
-0.0939325
0.0890535
-0.0524382
-0.18616
-0.229616
-0.216287
-0.116752
0.140136
0.0914609
-0.260207
-0.0402574
-0.0245587
-0.116501
-0.0675821
0.0969979
0.223768
-0.162653
0.184984
-0.197024
-0.104253
0.157135
0.262029
0.10845
-0.0514644
-0.0795527
-0.0471977
-0.185057
0.157171
-0.319172
-0.0277431
-0.0914673
0.0909966
-0.238321
0.0184373
0.253847
-0.202197
0.216356
0.072532
-0.127981
0.183375
0.0679743
0.128551
0.248107
0.015928
0.155168
0.0120945
-0.129887
0.0622896
-0.122887
0.151134
-0.213397
0.137229
0.0160526
-0.0451648
0.0497416
-0.143372
-0.203979
-0.133035
-0.0867709
0.06106
-0.220626
0.1023
0.20798
-0.0963088
-0.296613
-0.211398
-0.305842
0.0759194
-0.173263
0.0816692
0.0187262
-0.0829463
0.117448
0.0837084
-0.129672
-0.203348
0.244629
-0.126202
-0.0557207
-0.0587313
0.209167
-0.0709135
-0.207053
-0.142581
-0.19177
0.052023
0.0320317
-0.107973
-0.0397677
-0.00736564
-0.248458
0.147547
-0.197308
-0.0863886
0.056038
-0.0825023
-0.180016
0.215068
0.155254
-0.120008
0.331084
0.0408854
-0.163761
-0.114645
0.0561288
-0.124536
0.207069
-0.0869584
0.00418656
-0.154828
0.00397509
-0.0324827
-0.0160373
-0.202059
-0.232421
0.0718647
0.215987
-0.339725
0.146446
-0.246887
0.183883
-0.0841312
-0.0851649
-0.0187218
0.184479
-0.180568
-0.138236
0.203517
-0.201482
0.227905
-0.0812301
0.0561195
0.082719
0.129785
-0.0946927
0.23381
0.129598
0.0785461
0.0907849
0.103307
0.173286
0.19406
0.125632
-0.14725
-0.0361239
0.0763636
0.156381
0.0993185
-0.120595
-0.135779
-0.00561713
-0.320721
0.043538
-0.178731
-0.185931
-0.272878
0.201221
0.164527
0.144966
0.0338734
-0.0842521
-0.210609
0.209923
-0.184454
0.0808582
-0.0237657
0.0013167
0.336507
0.00390753
-0.0836732
-0.07163
0.223549
-0.0088465
-0.144324
-0.166491
0.264617
-0.0479072
0.0540482
-0.179687
-0.115275
0.00884456
0.172003
-0.119092
0.18231
0.118532
-0.045327
0.190436
0.310086
0.21327
-0.016067
0.0440545
0.271259
-0.317995
0.167694
-0.238322
0.0596181
-0.188494
-0.285465
-0.16026
-0.12403
0.16255
0.219048
-0.312073
0.18416
-0.224923
0.0424806
-0.196549
-0.266817
-0.15151
-0.241067
-0.0472507
-0.105679
0.0136579
0.0974142
0.199346
0.325968
-0.115124
-0.0823145
-0.0806843
0.128345
-0.199353
0.113999
-0.0249825
-0.260067
-0.166179
-0.0492255
-0.252483
-0.301862
0.0941394
-0.302351
0.398231
0.0308266
0.0557618
0.236408
0.10639
-0.225751
0.176519
0.213669
0.103272
-0.0971494
-0.265826
0.0372142
-0.080947
-0.0822214
0.0143509
0.075175
0.11856
0.181697
-0.127218
0.0921498
0.117435
0.12262
0.286952
0.144081
0.163263
-0.111787
-0.337914
-0.244383
-0.192484
-0.0862737
-0.100277
0.208784
0.154179
-0.106872
0.0641662
-0.0764766
-0.0696123
0.10768
0.095341
-0.250166
-0.423718
-0.0684923
-0.00549838
0.199233
0.12761
-0.0733302
0.140548
-0.230132
0.0763308
-0.0836139
-0.291421
-0.216763
0.118212
0.181383
0.144182
0.324929
-0.291175
0.271574
0.186425
-0.0842083
0.0469393
-0.139925
0.13982
0.132372
-0.112741
-0.393261
-0.17885
0.0391231
-0.103889
-0.135118
0.0891233
-0.170157
-0.145426
0.0069832
0.0566293
0.0943088
0.116032
0.00583839
0.118351
-0.228813
0.131733
0.00976368
0.0734325
-0.113869
-0.177776
-0.255705
0.194792
0.056655
-0.170798
-0.206229
0.115516
-0.0624983
0.164649
0.0860588
-0.119521
0.0896568
0.107368
0.218792
-0.212941
-0.306087
-0.322706
-0.20391
-0.0796775
0.159535
0.0442097
-0.0456245
0.198838
-0.315117
0.0160906
-0.083677
-0.0415261
-0.0527074
0.0964288
0.114777
0.212567
-0.0549449
0.119621
-0.00541483
0.200719
0.178102
0.121487
0.166184
-0.133608
0.234389
-0.362875
-0.0781454
0.139524
0.24861
-0.0585484
-0.00931999
0.13665
-0.0143541
0.0743848
-0.103237
0.302822
-0.0931693
-0.19342
0.368467
0.222322
-0.289107
-0.153341
0.0694774
0.200403
-0.395062
-0.0356749
0.152317
0.14045
-0.0510717
0.235549
-0.0149224
0.0457201
0.00776716
0.00559484
-0.0368395
0.372273
0.028308
-0.0483774
-0.150693
-0.13822
0.0308682
-0.147947
-0.0233314
-0.225326
-0.140742
-0.134239
-0.166146
-0.227002
0.129178
-0.196027
-0.213425
-0.232763
0.138337
0.180815
0.0303339
0.0540888
-0.219124
0.194487
0.20568
0.145319
-0.101171
-0.0574005
0.450615
-0.298256
-0.0753303
0.204252
-0.051191
-0.133355
-0.253895
-0.0839095
0.0948155
0.0861151
0.0783322
-0.0737043
-0.0999913
-0.163959
-0.0227533
0.280673
-0.0609089
-0.281371
0.276805
0.222247
0.0337469
-0.152469
0.133073
-0.161357
0.171579
-0.166398
-0.00275126
0.130141
0.279037
0.218207
-0.0629533
0.204868
0.0777586
0.0352469
-0.042188
-0.365494
-0.160859
0.000823679
0.0547519
0.190424
0.0210712
-0.190694
0.015746
-0.0516153
0.0100982
-0.17281
-0.329841
0.321806
-0.0365115
0.134234
0.340318
-0.0373817
-0.0581204
0.378448
0.1985
0.0878394
0.00232335
0.103831
0.326146
-0.220615
-0.0673724
-0.0524268
-0.184659
-0.274628
-0.304583
-0.0701556
0.0533389
0.114339
0.0348573
-0.0548637
-0.112165
0.270286
-0.0593406
-0.069257
-0.179499
-0.13375
-0.150907
-0.214608
-0.010175
0.187298
0.236644
-0.0242057
-0.168017
0.209663
-0.278168
-0.191647
0.185371
0.0685879
-0.180508
0.161457
0.0329713
-0.0486746
0.212867
0.0108307
-0.0839572
0.21075
0.280987
-0.0901396
0.12162
0.162604
-0.064019
0.0709577
-0.0215999
-0.243465
-0.0266764
-0.0930768
-0.148607
0.209108
0.0283482
0.145271
0.0877979
0.154378
-0.0391171
0.0661019
-0.224132
-0.222285
0.177684
-0.0487376
0.237781
0.0277517
0.00199844
0.27136
0.0650804
-0.0195612
0.179811
-0.153676
-0.17179
0.129228
-0.11049
0.0910543
0.17854
0.227202
-0.14541
0.235318
0.0421267
0.0962304
-0.0480562
-0.157084
-0.229333
-0.21927
0.0625616
0.022722
-0.0057373
0.092152
0.0876822
-0.270597
0.0474664
0.351348
-0.189382
0.234244
0.14773
-0.0974657
0.00806103
0.127191
-0.316205
0.110451
-0.124399
-0.0899927
-0.121028
-0.0996264
-0.0944127
0.150628
-0.219109
-0.061874
0.0145845
0.104182
0.0851352
-0.111457
0.162767
-0.233009
0.227826
0.0140921
0.0649466
-0.0980152
0.128122
0.216791
0.00751906
0.159368
0.10638
0.00508974
-0.296625
-0.0555978
-0.0712717
0.133463
0.032019
0.205066
-0.188661
0.142195
0.174133
-0.30155
0.0196629
0.0101338
-0.119079
0.233227
0.430431
-0.0790178
-0.0689811
-0.00802539
-0.0589928
-0.257415
-0.0666788
-0.0293524
0.134634
-0.086031
0.154224
-0.146212
0.0555097
0.102864
-0.0236274
0.0605001
-0.134597
0.235769
-0.218309
-0.126215
0.303075
-0.099996
-0.230328
0.254379
0.0388808
-0.0284048
-0.144168
-0.280626
0.150769
0.0829746
0.151951
-0.162126
0.24805
0.286128
-0.28026
-0.202571
0.172481
0.208726
0.00593773
-0.0568616
-0.122085
0.148517
0.0252352
-0.0648008
-0.0702143
0.170042
0.000558956
0.201951
0.103888
-0.15073
-0.0907024
0.134982
0.084282
0.222712
-0.15074
-0.0960053
0.141378
-0.132936
0.0399099
-0.0903413
0.00438025
-0.0285485
0.169068
0.173397
0.253107
-0.344288
0.102716
-0.0110425
-0.199842
-0.06079
-0.263063
-0.0121569
-0.258158
0.0898791
0.110791
-0.261048
-0.162378
-0.304419
-0.202854
-0.320287
-0.0229847
0.240553
0.136354
-0.0774112
-0.0577595
-0.151893
-0.151103
0.0435442
0.26403
0.0985001
0.189531
0.0408112
-0.182262
0.091147
-0.0708969
0.155145
-0.0271687
0.185628
0.292989
-0.122281
-0.131481
0.183319
-0.0921356
0.0063066
-0.116093
0.159511
0.359643
-0.116574
-0.146928
0.0312538
0.0298251
0.109438
-0.18478
-0.14161
0.160895
-0.0926841
-0.0546057
0.122117
-0.144343
-0.151091
0.0224291
-0.218634
-0.0895042
-0.0164067
-0.134537
-0.0981075
-0.067151
-0.00843147
-0.158456
-0.140551
-0.227428
0.254298
-0.289637
-0.161531
-0.0427568
0.0442146
-0.158156
-0.222529
-0.0341008
-0.250216
0.022169
-0.145228
-0.0322028
0.274091
-0.137652
-0.305396
-0.0835024
-0.109184
-0.275956
-0.00218409
-0.0984395
0.0802882
-0.0217764
-0.179071
-0.00655246
0.105166
0.156609
0.052955
-0.253577
0.267412
-0.0652886
0.0743435
0.0979324
0.0926198
0.0137161
-0.27403
0.211876
0.0714607
0.0963615
-0.118792
-0.329523
-0.014601
-0.0132984
0.280148
-0.142421
0.150106
-0.029241
-0.0709706
-0.17226
0.233966
-0.154891
-0.0743273
-0.0023922
0.0732766
-0.161534
0.0571687
0.108521
0.15866
-0.0347627
0.0523025
-0.24635
0.214851
-0.226998
0.298862
0.250896
-0.0787875
0.166642
-0.0191311
0.279767
0.140112
0.042965
-0.189807
0.3151
0.0115901
-0.0588967
-0.406798
-0.171289
-0.269923
0.202331
0.0836318
0.0494997
0.190133
-0.041451
-0.151161
0.162923
-0.118017
-0.247895
0.267554
0.259383
-0.117829
0.206509
-0.0497929
0.0865662
0.209889
-0.276131
0.168405
0.061774
-0.0988546
0.120474
-0.219608
0.140072
0.308902
-0.00255641
0.0583167
-0.202125
0.190133
-0.147637
0.0796282
-0.0828263
-0.0493222
-0.00648994
-0.0297851
-0.131159
BIAS
32
0.0731377
0.170009
0.071431
0.0777119
0.111216
0.388234
0.0895085
0.0404645
0.0388556
0.0946125
0.068188
0.25557
0.0182185
0.193112
0.0459355
0.12025
0.126859
0.0592473
0.0346934
0.107295
0.150253
0.077607
0.0674534
0.0136949
0.0512723
0.247053
0.085153
0.0669482
0.0588223
0.045336
0.095511
0.0723586
