WEIGHTS
4096
-0.245399
0.368248
0.0153814
-0.101919
0.176476
0.173239
-0.171677
0.0839221
-0.187161
-0.0809829
-0.00773172
0.283701
-0.197582
-0.0378198
0.0101576
-0.0114061
-0.112822
-0.124473
-0.34617
-0.0649331
-0.0584843
0.17956
-0.154078
0.199674
-0.300473
0.262468
0.0126139
-0.233223
-0.039844
0.241545
0.0162496
-0.0378344
-0.028082
-0.00459643
0.155834
-0.0590984
-0.210077
0.203202
0.0301298
0.146337
-0.0730133
-0.0848574
-0.169648
0.0126162
0.110722
-0.129545
0.0406393
0.0942319
-0.137284
-0.0261216
-0.205925
0.181958
-0.0451569
-0.0694678
0.18439
0.136266
-0.208183
0.057668
-0.0405066
-0.171214
-0.191955
-0.13209
-0.0591469
-0.107717
0.201723
0.11099
-0.0569577
-0.109829
-0.350916
0.156255
0.0142721
-0.136368
0.0266142
0.0402639
-0.140054
-0.280097
0.339747
0.0826368
0.195731
0.219437
0.00308454
0.135302
-0.112216
0.00561303
-0.0804084
0.0768077
0.0936902
0.242445
-0.0861327
-0.012124
0.250453
0.0819011
0.0296434
0.0990719
-0.264384
-0.101411
-0.179198
-0.137304
0.281104
0.00357189
0.0566455
-0.166841
-0.017744
-0.0518251
-0.289463
-0.15339
0.313537
-0.0357287
0.0767629
0.269984
0.0595748
-0.0202047
-0.10178
0.294184
-0.228232
0.107151
-0.137633
0.137954
-0.251812
-0.0925545
-0.0101933
-0.125946
-0.169648
-0.135295
0.0903786
0.0499159
-0.161706
0.0986645
-0.203104
0.207132
0.168387
0.00316036
0.250211
-0.263427
0.169397
0.0860606
0.1521
0.0807584
0.262728
0.0276674
-0.298282
0.227372
0.122907
0.275653
-0.132427
0.212287
0.0286435
-0.100043
0.0970559
-0.0985654
-0.0301368
0.217655
-0.213497
0.184943
0.0958548
0.193758
0.308431
-0.198038
-0.246045
0.238457
0.00987974
0.210237
-0.00796219
-0.0610314
-0.111717
-0.188817
-0.196286
-0.171991
0.15109
-0.220928
-0.0447661
0.154404
0.0851301
0.0794091
0.125735
0.158935
0.0164699
-0.099135
-0.165637
-0.263387
-0.258766
-0.0257488
-0.170686
-0.220153
-0.17791
0.0478021
0.0697724
0.0218601
0.144621
0.19396
-0.204349
0.0390958
-0.168086
-0.209861
0.220207
0.0246368
-0.212109
0.0957033
-0.18242
-0.314229
-0.0330166
-0.0399471
-0.000595365
0.237651
-0.146478
-0.00892311
0.123139
0.160571
0.0354352
0.0415642
-0.229501
-0.470358
0.0794354
-0.0409982
-0.171367
-0.291922
0.101438
0.161065
-0.268872
0.0131239
0.0466616
-0.0328242
-0.0171864
0.199086
-0.17489
-0.259925
-0.0408226
-0.0559077
-0.0703622
-0.125081
-0.148499
-0.0193484
0.362455
0.0531662
0.128207
0.183348
-0.0147567
-0.172312
-0.0274209
-0.00649538
0.161706
-0.0328536
0.172243
-0.23184
-0.109445
-0.0505024
-0.145745
0.011859
0.205539
0.089989
0.0729339
0.0274192
-0.233219
-0.179236
0.129608
-0.0913521
0.21462
0.231578
-0.100126
-0.0413456
0.211518
0.0490444
-0.313404
-0.0108793
-0.0927496
0.263052
-0.144261
-0.199513
-0.0365713
-0.0733618
0.117741
0.179066
0.199795
0.170972
0.0270907
0.148371
0.224887
-0.151617
-0.0373945
-0.236761
-0.104336
-0.210399
-0.169994
-0.0853229
-0.117423
0.0706987
-0.119424
-0.00465758
-0.0584739
-0.265654
-0.238384
-0.168722
0.100307
-0.169784
0.165348
0.0588837
0.14704
-0.00949344
0.135142
-0.212344
-0.00867367
-0.00974129
0.00418454
0.0941259
-0.198583
-0.191714
0.154307
0.00849344
0.155084
-0.184243
-0.179619
0.219305
0.0845662
0.317279
-0.0258209
-0.0353749
-0.146085
0.0232251
-0.132559
0.292018
-0.117833
0.100999
-0.0538494
-0.187093
-0.189066
-0.213684
0.253646
0.128609
-0.120899
-0.0354431
-0.164391
0.0624933
-0.181773
0.102622
-0.107521
-0.201678
0.0365705
-0.149449
-0.154794
0.256719
0.125299
0.211439
0.121497
-0.168801
0.153689
0.217065
0.016665
0.154621
0.175538
0.0327248
-0.0842542
-0.0155985
0.151898
0.0878434
0.272685
0.13249
-0.168616
-0.00160267
0.347994
-0.0361003
-0.0457247
-0.204654
0.399379
0.159399
0.264743
-0.220399
0.0775304
-0.205203
0.0830496
0.0102508
0.186278
0.022776
0.191085
0.24689
-0.152449
-0.18442
0.244871
0.0664513
0.0178411
0.292705
-0.213799
-0.148027
-0.185658
-0.342619
0.196446
0.147861
0.0841077
-0.11304
0.110089
0.195986
-0.0580796
-0.0457647
-0.347838
0.0673894
-0.0965334
-0.203905
0.0566594
0.100883
-0.111843
-0.077829
-0.0591257
0.0667634
0.0458581
0.0484722
-0.147361
-0.0554291
0.128684
-0.253418
0.00728557
-0.309335
-0.190712
0.0488005
0.208761
0.128779
-0.0140412
0.0982248
0.0496705
0.0427848
-0.197602
0.20222
0.0663881
0.309516
-0.251001
-0.19739
0.305928
0.0285464
-0.104241
-0.0458791
0.0823924
-0.0770766
0.113567
0.151097
0.0120763
0.0119457
0.0679369
-0.214532
-0.023424
-0.268039
0.0801592
-0.320392
-0.152875
0.196301
0.0507148
0.111036
-0.0684829
0.292045
0.16808
0.0816296
-0.0142116
-0.272398
0.267002
0.175669
0.12084
-0.122259
-0.146347
0.258654
0.209033
0.01621
-0.0662555
-0.0433791
0.15061
0.144405
0.0753837
-0.0794855
0.0892528
-0.185738
0.107703
0.298178
0.0407076
0.0485432
-0.0183745
-0.0066994
0.101344
-0.00868511
-0.380899
0.0315124
-0.196206
0.0546611
-0.14473
-0.240517
0.117323
-0.255087
-0.0592223
0.0522
0.0841249
-0.151555
-0.105763
-0.039547
0.0901104
-0.134055
-0.221382
0.21526
-0.0916733
-0.195697
-0.138746
-0.244081
0.00552143
0.131279
-0.104839
-0.0404112
0.0316464
-0.234926
-0.22798
0.228291
-0.0452416
0.354555
0.0387632
0.0472692
0.275234
-0.129155
0.0447566
-0.0792793
-0.106496
0.142417
0.01835
-0.133406
0.00562613
-0.073522
0.134544
-0.0235966
-0.244363
0.0742209
0.195395
-0.245268
-0.0533499
-0.155579
0.176234
0.14385
-0.115901
0.0263674
-0.132011
-0.433185
0.37674
0.045963
0.28451
-0.213695
0.0792983
-0.113054
0.11202
-0.169118
-0.277705
0.118468
-0.113987
0.0404094
-0.252086
-0.398886
-0.114152
-0.0375965
0.0501491
0.105655
0.17272
0.146357
0.0914201
0.165014
-0.0153814
-0.232848
0.059279
0.140461
-0.142702
-0.303851
0.149024
-0.0701419
-0.291104
0.0402735
0.207465
-0.0922322
-0.0250861
0.0682663
-0.109294
0.0210467
0.20693
0.0105361
0.378449
-0.0630156
-0.14919
0.0880374
0.140646
-0.0859439
-0.129343
0.0233477
0.0771842
-0.170957
0.24414
-0.117054
-0.0321893
0.248732
-0.0894692
-0.0444713
-0.226143
0.0035162
0.0210731
0.292603
-0.0302482
-0.13489
-0.216927
-0.213972
0.282193
0.0887951
0.0512521
-0.0982936
0.220554
0.0852302
-0.262547
0.0910143
0.0495168
0.146455
0.324839
0.120563
-0.267041
0.0529052
0.368362
0.0208775
-0.144656
-0.0700615
-0.19263
0.0609695
0.22704
0.18936
-0.212864
-0.15718
0.107226
-0.135141
0.0857313
0.10435
0.220339
0.000827431
-0.223126
0.0865215
-0.210913
0.218364
0.212836
0.0423818
-0.106935
0.169255
0.2225
0.0818311
0.34212
0.161085
-0.0775887
0.249544
-0.134818
-0.0770354
0.193844
-0.0572896
-0.216151
-0.492732
-0.181902
0.0425637
0.0272558
-0.274536
-0.0791439
0.0181765
-0.139399
0.0761539
0.10095
-0.188022
-0.00394997
0.256918
0.325961
0.130058
-0.360511
0.132206
-0.0546212
-0.0285408
-0.148181
0.115973
-0.33132
0.122046
-0.135262
-0.04908
0.00720392
-0.197918
-0.00579827
0.0291941
0.129155
0.116892
0.176767
-0.163894
0.253235
0.186257
-0.0420207
-0.124111
0.0227487
0.155255
0.158587
-0.133904
-0.133986
-0.071224
-0.0271996
0.149266
0.331483
0.284772
0.0615813
0.142486
0.158367
0.135425
-0.136961
0.0445713
0.00358035
-0.10609
-0.10288
-0.208221
-0.18815
-0.407115
-0.150012
-0.00520227
-0.0371707
0.00346355
-0.203983
-0.0034095
0.0617516
-0.174786
-0.167489
-0.293598
0.0694305
-0.0448051
-0.0645278
0.137523
0.0650235
-0.234239
-0.0466814
0.211961
0.0812145
0.330803
0.0530366
-0.00181498
0.00825372
0.371715
-0.104803
0.152503
-0.00984791
0.0779376
-0.074203
-0.0699834
0.000841959
-0.236885
-0.0804198
0.0533533
-0.0460817
-0.0587462
-0.0122449
-0.0155485
-0.201902
0.153475
-0.0175957
-0.223952
-0.16796
0.136549
-0.035493
-0.0368784
-0.0147895
0.00711451
-0.194416
-0.024208
-0.0993939
-0.170955
0.241557
-0.310419
0.0486303
-0.000346738
0.232462
-0.150296
0.0866842
-0.0295029
0.127443
0.236495
0.0446177
0.108485
-0.0936019
0.267009
-0.355513
0.0419199
-0.210498
0.0834352
0.00830961
0.0490048
0.144875
-0.0411255
-0.107169
-0.00291469
0.0915315
-0.124793
0.216635
0.216246
-0.133385
-0.317904
0.318953
0.019243
0.0654354
-0.0175965
0.100959
-0.346685
-0.176643
-0.0368956
-0.0129902
0.130235
-0.0709169
0.040864
-0.229743
0.111568
0.246562
0.0110185
0.208235
0.211204
-0.211908
0.073634
-0.221396
0.102251
0.163317
0.340686
0.0730345
-0.099597
0.116145
-0.262199
-0.0434405
0.160125
-0.0141888
0.247495
-0.0721023
0.107509
0.150827
0.0993982
0.276049
-0.143396
0.0573003
0.128867
-0.211035
-0.135793
-0.143226
0.0268333
-0.362983
0.00724795
-0.0368624
0.0790703
0.370494
-0.118274
0.0074952
-0.171849
-0.319718
-0.101645
-0.0668765
0.0807165
0.0722882
-0.228735
-0.242567
-0.161214
-0.347412
0.222441
0.100672
0.25482
0.189125
0.308495
0.182648
0.064416
0.06146
0.143807
0.0365927
0.198493
-0.411362
-0.0801184
0.283594
0.0659581
0.0780344
-0.070889
0.0580425
0.0638683
-0.333498
-0.210399
-0.0202706
0.0971155
0.124744
-0.0690272
0.0364279
-0.119821
-0.134833
-0.15
0.196959
-0.247129
-0.218185
-0.0269184
-0.0169009
-0.0411637
0.0975043
0.284909
-0.160172
0.11243
-0.114398
-0.11108
-0.116193
-0.0456094
0.0657774
0.0199808
-0.0447139
0.0752129
0.344832
-0.246273
0.167598
-0.0350575
0.131367
-0.166323
-0.224639
-0.298089
0.464188
0.0639835
0.164537
0.2835
-0.014354
0.27473
0.0614236
-0.126174
0.185218
-0.0227822
-0.262919
-0.188463
0.142463
-0.233789
0.185528
-0.121435
0.144436
0.0666519
0.416011
-0.3601
-0.0802843
0.264484
-0.168432
-0.200624
-0.167442
-0.0269982
-0.00807701
-0.101841
0.240686
-0.0851731
-0.093815
-0.00106768
-0.112549
-0.0614496
-0.0776958
-0.171075
-0.264687
-0.142316
0.0995642
0.0235382
-0.0518646
0.350086
-0.182027
-0.0990613
-0.0123995
0.101382
0.175179
-0.194382
0.0856674
-0.0724951
0.0655307
0.0311886
-0.207346
-0.0839082
-0.139922
-0.052093
-0.105938
0.0436913
0.00649677
0.196074
0.0373049
0.00473951
0.0347056
0.0809496
-0.104551
-0.163428
0.115502
-0.00559247
0.195543
-0.271441
-0.103124
0.106042
0.0822873
0.188912
0.214334
-0.166937
0.210688
0.129326
0.00914684
-0.0993297
0.153138
-0.0139815
-0.0465458
-0.0249128
-0.161399
0.131318
-0.141447
0.0070756
-0.17632
-0.0430005
-0.0600141
0.184594
0.0499367
-0.0610242
0.0518315
-0.116809
0.134849
0.206501
-0.176772
-0.227098
0.0209821
-0.268106
0.0666299
-0.194235
0.138368
0.211044
-0.0716559
-0.0958278
0.192509
0.336317
-0.0881492
0.0696897
-0.155544
-0.086297
0.166962
0.0809458
-0.144458
0.174568
-0.0781768
-0.101957
0.0175222
-0.385798
-0.0754035
-0.0812853
-0.201333
-0.0970525
-0.00209945
-0.102152
0.242755
0.07968
-0.0760226
0.177687
0.20839
0.1895
-0.163299
-0.11749
-0.0951722
-0.0915687
0.101607
0.19911
-0.0937545
0.0850312
-0.144329
0.0147707
0.231257
-0.166856
-0.099291
-0.274447
0.135281
0.0283893
-0.263866
-0.160164
-0.0285037
0.059877
0.0462161
-0.0720316
-0.108834
-0.175188
0.245295
0.023222
0.0891787
0.203378
0.101809
-0.202572
-0.0165595
-0.094631
-0.0880911
-0.259599
-0.0257197
0.215567
0.106711
-0.215846
0.242412
0.235914
-0.0814098
0.0399482
-0.0477811
-0.41766
-0.0766532
-0.15357
-0.146831
-0.212079
0.0886306
0.0329356
-0.433751
0.0368771
-0.136804
0.407679
-0.0991447
0.15632
0.0196586
-0.0585835
-0.116751
0.14372
0.293559
0.0954844
-0.106699
-0.021136
0.0782389
-0.151499
-0.00206634
0.17979
-0.150418
0.107371
0.120042
0.0241011
-0.202158
0.0363575
0.0212291
0.0592921
-0.171342
-0.213585
0.105067
-0.0117055
-0.0484029
-0.154799
0.0719271
-0.0399766
-0.0131483
0.266324
-0.110537
0.118329
-0.0680261
0.215376
-0.144875
0.0877893
0.107411
0.124165
-0.116438
-0.00896319
0.0440871
0.196205
-0.0914727
0.292353
-0.0530804
-0.0557534
0.114368
0.175472
-0.240484
0.102517
-0.0550906
-0.0161975
-0.120181
0.0103789
0.0540694
-0.0919284
0.373439
0.0180687
-0.268195
0.246288
-0.152989
0.0103813
0.22453
0.123775
0.0161913
0.287827
-0.359167
-0.179723
-0.234034
-0.0475083
-0.113541
-0.146684
-0.267249
-0.0225576
0.163566
-0.0890494
0.148493
-0.210447
0.132537
-0.421747
0.173612
-0.0294948
0.150011
-0.189347
0.109095
0.185945
-0.210248
-0.0743472
-0.00349275
0.0988796
0.317944
0.281452
-0.218193
-0.00152592
0.247253
-0.125523
-0.00551579
-0.199449
-0.177273
0.0789002
0.0265306
0.201998
-0.129803
-0.1124
0.232303
-0.0597539
-0.100508
-0.128235
0.244363
0.159555
-0.0288393
0.116056
-0.162002
-0.0195913
-0.103437
-0.199473
-0.00694565
0.285035
-0.0356129
-0.199601
0.286167
-0.104106
0.294164
0.167712
0.0100389
-0.283719
0.331418
-0.0438447
0.247615
0.058041
0.147564
-0.167733
-0.00583663
0.0472804
-0.248645
0.0814304
-0.191076
0.312061
-0.00458055
0.0549068
-0.0706755
-0.373107
0.0258375
0.126985
-0.281119
-0.0429319
-0.031526
-0.137168
0.107344
0.160727
-0.00819214
-0.0889534
-0.0262687
0.371156
0.0121295
0.0967453
0.275743
-0.172841
-0.131084
0.210753
-0.138202
-0.170343
-0.0486164
0.0774978
-0.178537
-0.0109218
0.02365
0.279922
-0.08903
-0.14069
-0.128669
0.0902423
-0.0485843
-0.0743509
-0.224005
0.0757669
0.135421
0.0642559
-0.204089
0.187677
-0.225396
0.176231
-0.136252
0.0275038
-0.348328
0.224621
0.0708852
-0.187044
-0.0713447
-0.108996
-0.123801
0.0007679
0.0545736
0.158983
-0.104334
0.0923458
-0.113291
0.125355
0.16952
0.116164
-0.0554787
-0.212794
-0.0186658
-0.282558
-0.138516
-0.0683194
-0.222883
0.174045
-0.182119
-0.139447
0.0685102
-0.108822
-0.157139
-0.119021
0.105966
-0.13331
0.262639
0.0706183
-0.0826694
0.167538
0.0366352
0.111507
0.103741
-0.0375426
0.00147304
0.283969
-0.268702
-0.247287
0.336607
-0.00806308
-0.260677
-0.0792527
0.0351676
-0.110514
0.0258859
0.162733
-0.0762814
-0.0252751
-0.273155
-0.322362
-0.158415
-0.226183
0.00416238
-0.0128304
-0.128834
-0.204244
-0.0400145
0.0674974
-0.0513477
-0.259734
0.0508406
0.314317
-0.0640976
-0.100113
0.0396887
0.163383
0.198398
0.172463
-0.109224
-0.104777
0.00279768
0.168647
-0.169376
-0.243386
0.139669
-0.0428282
0.125184
0.17017
0.0578936
0.0769346
0.138106
0.135828
-0.419065
-0.0120627
0.184707
-0.128068
0.159762
-0.0704738
0.130308
-0.203045
-0.0696596
-0.178221
-0.205641
-0.272136
0.0269669
0.208408
0.178467
0.0829924
0.210852
-0.220663
0.0171052
0.303082
0.164942
-0.00416321
-0.162304
-0.254121
0.051006
-0.0594529
0.23798
-0.102413
-0.138221
0.283644
-0.0142685
0.308619
-0.239561
-0.0296998
0.100649
-0.255607
-0.0406418
-0.0605673
0.04435
-0.0206915
0.0540223
-0.265013
0.278789
-0.113941
0.0433818
-0.196416
-0.216017
0.22739
-0.0901031
0.00801006
0.392612
0.198296
-0.159308
0.0772904
-0.0694278
-0.172017
0.114143
0.187296
-0.271561
-0.223092
0.346672
-0.0870039
-0.227732
-0.300917
0.0372085
0.119611
-0.110463
0.0995571
-0.116274
-0.073283
0.0310216
0.0541242
0.0293091
0.172987
-0.0823214
-0.0879896
0.0652238
0.221064
-0.331629
-0.121018
0.0466177
0.267062
-0.247516
-0.192441
0.13228
0.143269
-0.0677472
-0.260861
0.143123
0.0609692
-0.187862
-0.0579286
-0.272041
-0.13812
0.301033
-0.311032
0.112881
-0.122574
0.225209
-0.195277
0.0735527
0.0450932
-0.0684565
-0.0661867
0.0227384
-0.195702
-0.0268978
0.225236
0.0529949
-0.0953171
-0.024175
0.0831616
-0.188432
-0.120367
0.0511684
-0.213832
-0.390247
0.0649402
-0.247585
0.303271
-0.212391
0.162362
0.068644
-0.0425955
-0.116486
0.130451
-0.10579
0.0278342
0.324163
-0.0601211
-0.163766
-0.0940609
-0.0430721
-0.117657
-0.420839
-0.146987
-0.145406
0.0285079
0.123948
-0.126424
0.242101
-0.27198
0.0195676
0.263767
-0.125697
0.359327
0.000845903
-0.0620772
-0.0604264
-0.0879751
0.0707998
0.470409
-0.0287225
0.00195195
-0.0528087
0.0996709
0.130015
0.0143352
0.0616033
-0.373517
0.128789
-0.0715792
-0.128084
-0.0283074
0.166676
0.0652537
0.330856
0.117806
0.0500089
-0.0445851
-0.134998
0.31191
0.0503471
0.0117818
-0.13942
-0.0235738
-0.0931906
-0.133045
0.430275
0.203707
0.20234
0.0689997
0.138239
-0.10731
-0.0375113
0.0287997
0.0822317
-0.147001
0.0216512
-0.0401405
0.0213181
0.00501508
-0.0678546
0.0759745
0.0953335
0.138406
-0.0625028
-0.470355
-0.055998
-0.0502286
0.082149
0.0914291
-0.0463896
-0.4009
-0.0482681
0.0142381
-0.127781
0.0628106
0.0196402
0.061696
-0.278027
0.0870989
0.0580348
0.107791
-0.26271
-0.18807
-0.0258131
0.170397
-0.298783
0.116461
-0.169093
-0.216051
-0.139785
0.303311
-0.0414815
0.00147867
-0.123389
-0.02688
0.201611
-0.032158
0.132085
-0.147329
0.0540233
-0.0988583
0.181939
0.0456868
0.0327304
-0.0664872
-0.0324464
-0.0376435
-0.191094
-0.199629
0.0230458
0.198702
0.0548002
0.263796
0.12108
-0.0840933
-0.0660377
-0.124654
0.00682585
0.227092
-0.13621
0.157914
-0.18698
0.088737
-0.00546306
-0.111522
0.0795138
-0.183567
-0.0490076
-0.0568992
-0.0453533
-0.0656629
0.0679691
0.25894
-0.189837
0.225055
0.163095
-0.0842624
-0.0215754
0.154071
0.282695
-0.0663228
-0.0583511
-0.153814
0.390902
0.225963
0.195139
-0.0924341
0.15855
-0.204196
0.0936283
0.264456
-0.00526354
0.0528329
0.0850705
0.0889071
-0.142844
0.100653
-0.0483343
0.14887
0.158966
0.004645
-0.276249
-0.0608323
-0.0286541
-0.235745
-0.0198223
0.0611294
-0.0248131
-0.0880521
-0.371667
-0.0708415
0.337341
-0.0260638
-0.538695
-0.324294
0.23485
-0.0752118
-0.103097
-0.283067
0.0696021
-0.132939
-0.311747
-0.0488324
-0.094629
-0.0407527
0.0931157
0.0652865
0.100935
-0.100707
-0.124126
-0.0708897
0.0814731
0.201438
0.12992
0.123014
0.26452
0.0384444
0.158598
0.0386216
-0.21525
-0.3247
-0.0508198
-0.13654
-0.111165
-0.1812
0.163896
0.247207
0.28786
-0.144676
0.0671542
0.0858187
0.116465
-0.130549
-0.0868834
-0.0501108
0.0101223
0.172034
-0.11866
-0.0142241
0.0168678
-0.127418
-0.186638
0.0703501
-0.0442066
-0.170279
0.0701988
0.0964698
0.142257
0.14446
0.101221
0.089224
-0.111397
-0.046782
0.288496
-0.0186306
0.0209511
0.00807795
-0.133433
-0.0770246
0.185585
-0.283792
0.253488
-0.107727
0.223173
0.067868
-0.0603954
-0.134961
0.029784
-0.400966
0.153028
0.215986
-0.0164577
0.00137798
0.16297
0.382669
-0.127506
-0.036139
0.0611121
0.11205
-0.054098
0.00092341
0.262422
0.193174
-0.0132876
-0.0512214
0.268055
-0.190911
-0.265375
-0.205216
-0.0144891
-0.105787
0.0605625
-0.0863346
0.0395441
-0.027722
0.159075
-0.186754
0.123089
-0.130222
-0.20331
0.16982
-0.293377
0.121752
0.211221
0.0179769
-0.0253276
-0.0223929
-0.211571
-0.0496869
0.293088
0.154995
-0.0065335
-0.284579
0.210169
-0.388836
-0.11389
0.087689
-0.291089
0.110926
0.159828
0.129713
-0.180623
-0.154688
0.0766855
0.105602
-0.0691434
0.0898445
0.0250522
-0.14302
-0.156539
0.20241
-0.16559
-0.0893373
0.00862703
0.0297297
0.013048
0.0443035
0.10945
0.0220239
0.350203
0.336862
-0.187298
0.0198116
-0.337665
0.192948
0.0164169
-0.0190822
-0.0064859
-0.351927
0.310323
-0.115943
-0.0314196
-0.0572447
0.024169
0.126052
0.165032
-0.018288
-0.0900794
0.0816552
-0.0301563
-0.0737873
0.159888
0.0128474
-0.0938157
0.355508
-0.301004
0.165842
0.0345505
0.151481
0.0405445
0.0106099
-0.0326568
0.040498
0.251901
-0.252194
0.626656
0.190124
-0.218361
0.140308
0.0126472
0.137968
0.255024
-0.188025
-0.134724
-0.0905299
0.213725
-0.167017
-0.158694
-0.0770385
-0.0600466
0.227245
-0.239035
-0.0573197
-0.117279
-0.255535
-0.151118
0.218227
0.0805669
0.136754
-0.0319918
-0.316115
0.0862087
0.0402287
-0.125553
-0.153655
-0.502238
0.00268333
0.137355
-0.00869998
0.205242
-0.190967
0.179702
0.394983
0.0887807
0.0432852
-0.081073
0.30025
0.19654
-0.269227
-0.116652
0.0265855
-0.0571808
0.24795
-0.0325593
-0.0949371
-0.24702
-0.187907
0.154882
0.0376057
0.396684
-0.136918
-0.195966
-0.200987
-0.0826637
0.039712
-0.0519678
0.135583
-0.158906
0.106317
0.0648286
0.00448789
0.12509
0.162291
0.00838522
0.00458412
-0.0502318
-0.222087
0.0407463
0.0980623
0.0364071
-0.143295
0.0820511
-0.0486086
0.16395
-0.298637
-0.0725661
0.230324
-0.175491
-0.148051
-0.183058
-0.295473
0.0302583
-0.0409361
0.114796
0.212912
0.114768
-0.324364
-0.0416468
-0.269324
0.32708
-0.224372
0.0537159
-0.166328
0.343575
0.0370498
-0.0120125
-0.116912
-0.187629
0.128834
-0.0764997
0.218863
-0.199462
-0.0674578
-0.183998
-0.0976918
-0.0616588
0.042298
-0.19353
0.124226
0.0646102
0.158947
0.0334651
-0.0507497
-0.167245
-0.26876
0.228866
0.109504
0.0411027
0.147058
-0.106099
-0.0950693
0.0709492
0.0420857
0.00819206
0.0495162
0.0569018
-0.0799654
0.1482
0.207343
-0.0372824
-0.061282
-0.0577624
-0.197736
-0.000212069
-0.00628812
0.0493036
0.0278287
-0.131292
-0.000217631
0.00846941
-0.00465862
-0.0494566
0.0680869
-0.11463
-0.0846279
0.162525
-0.183495
0.132847
0.25424
0.0891881
0.154636
-0.0769162
0.0497485
-0.273669
0.101096
-0.24803
0.0254623
0.0618331
-0.193561
-0.140066
0.00869605
0.201353
0.0669283
-0.00318314
0.143347
0.142854
-0.123817
-0.0516944
0.035477
0.0341835
-0.0274946
-0.188733
0.325841
0.0845853
0.127605
-0.113117
0.450158
0.0104376
-0.250275
0.0302058
0.0706237
-0.0662639
0.149678
0.101461
-0.201567
0.0833061
0.177796
-0.17435
-0.304817
-0.40196
-0.304819
-0.125648
-0.101727
-0.219345
-0.0417123
-0.145285
0.363284
0.164214
-0.184781
0.0928621
-0.00887687
0.056635
-0.131724
-0.0263947
0.0819888
-0.207601
0.010178
-0.0967009
0.219089
-0.275817
-0.191509
-0.147136
-0.0721273
-0.0306167
0.191497
0.178803
-0.171318
-0.0476484
-0.118188
-0.161684
0.09008
0.0457279
-0.0521087
-0.108408
-0.199176
0.0605635
0.104142
-0.0934123
0.118586
0.215023
-0.160037
0.319898
0.12126
0.156871
0.161619
-0.0702564
0.069062
-0.152987
-0.178205
-0.111369
-0.0693317
0.0291368
-0.12085
0.195628
0.146571
0.0513035
-0.264854
-0.103458
0.236495
-0.110176
-0.0964216
-0.021893
-0.300734
-0.179126
-0.0901229
-0.00608582
0.155535
-0.0271142
-0.194123
-0.115598
-0.0253789
0.0328808
-0.0337837
-0.0455593
-0.0425143
-0.1421
-0.0385483
0.129514
0.139781
-0.0201927
0.0237783
-0.101143
0.289733
0.180082
0.175573
-0.376795
-0.0842668
-0.00568244
-0.00171036
-0.0791528
-0.141898
-0.172657
-0.0651994
-0.157529
-0.221381
-0.283193
-0.121012
-0.00525343
-0.189117
0.00674397
0.177231
0.171352
-0.13124
0.40846
0.00573565
0.306844
-0.169955
0.310302
0.0937032
0.137723
0.167861
-0.0181069
-0.0960409
-0.19507
-0.0840093
0.0919426
-0.170221
0.201484
-0.0976014
-0.00146816
-0.0969443
0.198475
-0.454269
-0.00208819
0.118803
0.149117
-0.149866
-0.458351
-0.183306
-0.207354
-0.254158
-0.298276
-0.141149
0.0918257
0.165013
0.253774
0.0763333
0.18443
-0.287337
-0.1008
0.274312
-0.319401
-0.192677
0.147241
0.152619
-0.0639828
0.129465
0.121042
-0.0214702
-0.132237
-0.0740243
-0.25579
-0.383222
-0.179396
-0.172884
-0.0914277
0.115716
0.257987
-0.0374516
0.0157873
0.0879088
0.032459
0.196897
0.0515864
0.0446035
-0.201291
-0.333885
-0.0528423
-0.251125
0.193424
0.100469
-0.162197
0.076962
-0.0692928
-0.0827041
0.0626677
0.0555559
0.0461222
0.228371
-0.15389
0.244629
-0.0708839
-0.18658
0.131847
-0.0617516
0.0556783
-0.115709
-0.0782095
-0.11197
0.0784536
-0.0389377
0.0372489
-0.182017
0.229233
0.169926
0.15507
0.163823
-0.155658
-0.243946
-0.254839
0.14627
0.330221
0.194689
0.150863
-0.117678
-0.0757636
-0.191792
-0.210717
-0.00666127
-0.0414116
0.140892
0.124082
-0.261795
0.0731605
0.0948923
0.193462
-0.0430652
0.0391835
-0.358738
-0.211144
-0.183897
-0.0313327
-0.0641342
0.201303
-0.0714068
-0.072264
0.214299
-0.292393
-0.173451
-0.0562163
-0.0426893
-0.0363228
0.164785
-0.199151
-0.172935
-0.139499
-0.000161309
0.174485
0.151587
0.182281
0.0389809
0.164995
-0.197657
-0.049426
0.122232
-0.0850454
0.036032
-0.18488
0.210794
-0.106659
0.0843534
-0.197726
-0.00758901
0.140644
0.0207275
0.0453626
-0.10374
-0.0903329
0.0339981
-0.0044973
0.0622129
-0.142975
-0.0447927
0.171694
-0.112451
0.0231693
0.261198
-0.15965
0.299389
-0.0654797
-0.151724
-0.218362
0.22986
0.152967
0.0848866
-0.119196
-0.376922
0.153381
0.131672
0.0451228
-0.329494
0.00674602
-0.279119
-0.338025
0.19747
0.0212935
0.198829
0.194825
-0.197548
-0.208899
0.123485
0.307324
0.0665804
0.287028
0.0931976
-0.140458
0.170771
0.160572
-0.146888
0.264199
-0.152173
0.075681
-0.163627
-0.139165
0.0746109
-0.207265
0.0682281
-0.0444067
0.00529609
0.257343
0.107219
-0.131431
-0.0502912
-0.1912
0.452345
0.288555
-0.168649
0.184517
-0.00316222
0.0696012
0.256571
-0.0102905
-0.114078
0.102322
0.0433674
0.137998
0.0978126
-0.164461
-0.0576806
0.0620489
-0.080311
0.134679
-0.204883
-0.0900384
-0.252833
0.125859
0.0111707
-0.103148
-0.0856805
-0.296461
0.248569
0.108331
0.176166
0.190829
0.134605
-0.0818718
0.201948
0.15766
-0.160785
0.0582072
-0.108913
-0.201726
-0.197805
0.057578
0.0942995
-0.103029
0.149124
0.0907784
-0.196182
-0.362345
0.190872
0.437858
-0.193191
-0.0128456
-0.104484
-0.0282214
-0.0256403
0.257452
-0.148407
0.00642713
0.176903
0.240365
0.150055
-0.119676
-0.260802
-0.270813
-0.0868297
0.235646
-0.0478586
-0.107879
0.21266
0.257948
0.289134
-0.198853
0.205963
0.115833
-0.091991
0.134063
0.16883
-0.0653167
-0.046214
0.215181
0.198443
-0.261669
-0.0644613
-0.176224
-0.185399
-0.150993
0.154528
0.196179
-0.21998
-0.0888778
0.0269118
0.207515
-0.0973709
-0.0123952
0.0449158
-0.152777
-0.069946
-0.131604
-0.157894
-0.27728
0.109219
0.0581483
-0.225391
0.0385507
0.0748871
0.171652
-0.408449
0.307813
0.193574
0.127298
-0.281544
-0.00453441
-0.13728
0.0180986
-9.11892e-05
-0.103755
0.219378
-0.249588
0.0527808
-0.0628181
0.136884
0.00975943
0.37462
-0.024412
0.123828
0.0966201
0.0275309
-0.203949
0.011934
0.138954
-0.115689
-0.0273013
-0.17552
0.316142
0.180921
0.0946994
0.0477607
0.233524
0.0948273
0.132406
-0.0497579
-0.108612
-0.195408
0.334486
-0.0530578
-0.174851
0.254905
-0.127539
0.123539
0.075485
-0.441621
-0.183944
0.243022
-0.193177
0.138126
-0.105207
-0.0813402
0.0463312
-0.222844
-0.244418
0.014772
0.0701929
0.140549
-0.0266969
-0.210535
-0.459062
-0.140646
-0.250614
-0.144153
-0.0338912
0.0385142
-0.279671
0.0496554
-0.237816
0.06937
0.00589223
-0.087458
-0.0205981
0.0522567
0.134385
-0.155334
0.0456093
-0.225945
-0.280519
-0.0886012
0.00557492
-0.0515506
-0.0361841
-0.072429
0.20942
0.0179965
0.0208818
0.0627194
-0.203492
0.241034
0.00204266
-0.152258
-0.0399977
0.118902
0.473698
0.277175
-0.142914
-0.172397
0.0318118
0.123721
0.132463
0.174524
0.137281
-0.244604
-0.452756
-0.233864
0.206035
0.0786356
-0.0839076
-0.0419172
-0.0875936
-0.208893
0.0349894
-0.353299
0.177862
0.319486
0.0252769
-0.0576556
0.0809467
-0.121381
-0.00581074
-0.00981714
0.34965
0.10902
-0.0679403
-0.0140518
0.131011
0.172219
-0.188303
-0.0305527
0.161087
-0.114955
0.14151
-0.257251
0.126566
0.264496
-0.21138
0.051692
0.0682099
0.0407774
0.215143
-0.0290597
0.0784675
0.125136
-0.178448
0.155492
0.0274285
0.020772
-0.422104
0.0632408
0.0736887
0.349741
-0.199196
-0.203251
-0.323215
0.100151
0.102668
-0.0195761
0.0669103
-0.0259139
-0.0124466
0.0301872
0.0538894
0.123198
-0.21547
-0.231164
0.362849
0.0630782
-0.269783
-0.0565719
0.211194
0.183637
-0.2742
-0.148526
0.00523017
-0.210239
-0.0778428
0.329272
0.0502908
0.0211762
-0.0386607
-0.0920652
-0.137553
-0.0235169
-0.12133
-0.0327624
0.0126583
0.000302973
0.16039
-0.258562
0.239853
0.0252486
-0.171142
0.227181
-0.100489
-0.21657
-0.0103173
0.251712
0.235351
-0.0961778
-0.118391
-0.134499
0.0656825
0.24809
-0.0143752
-0.10076
-0.0395848
-0.125805
0.127601
0.0853768
-0.275671
0.226136
-0.182813
-0.0162444
0.0199765
0.0586693
-0.233429
0.210625
-0.239469
-0.227308
-0.164299
-0.20694
-0.232903
-0.0872972
-0.17353
0.149935
0.288346
-0.061798
-0.202006
-0.108819
-0.170952
0.139867
-0.249522
-0.0353581
0.135219
-0.0690266
0.11821
0.0230332
0.0729556
0.220848
0.295632
0.0366252
0.118443
0.282745
-0.169469
0.138684
-0.268871
-0.0802501
0.0410842
0.185098
-0.075605
-0.168568
0.160983
-0.182344
-0.0808092
-0.208668
0.062806
0.250708
-0.0703167
-0.056654
-0.0843482
0.127264
-0.0448858
-0.191563
0.245495
0.0435068
-0.00584024
0.0220344
0.0286808
-0.157397
-0.173068
-0.217804
-0.170442
-0.0898602
0.171222
0.153065
-0.142396
-0.0581853
0.127256
-0.236524
0.0466803
-0.344123
0.135874
0.0400578
0.132773
-0.0953616
-0.0186056
-0.241929
-0.206682
-0.106596
-0.0208134
-0.0865182
-0.0432362
0.086731
-0.125714
-0.192133
0.120627
0.00927564
-0.112787
0.419093
-0.0356335
0.194878
0.29442
-0.0528937
0.135201
0.0578964
-0.0678005
-0.502513
-0.0593929
0.226671
-0.162286
-0.0205219
0.123705
-0.308944
-0.20477
-0.0521788
0.00944314
0.268342
-0.0539892
0.336047
-0.0656853
-0.0420024
-0.221367
-0.119119
0.103362
0.0365993
0.357985
-0.0442552
0.0816999
-0.230002
-0.236556
-0.11208
0.197386
-0.00192714
-0.141649
0.00395463
-0.0219638
0.0524192
-0.138372
0.267328
-0.215902
-0.269629
0.144164
0.147198
-0.0937179
0.232476
0.150712
-0.00857495
-0.0098991
-0.174772
-0.116655
-0.103311
-0.00224726
-0.236427
-0.132638
-0.141495
-0.0210075
0.0685886
-0.110715
-0.0487089
0.336527
0.0599616
-0.0230522
0.187349
0.126737
0.367719
0.0682702
-0.0328317
0.271874
0.0418209
-0.06063
-0.228232
0.0114854
0.0836173
-0.210466
-0.170062
0.274792
-0.0952564
0.0769865
0.0142699
-0.0739554
0.315948
-0.250112
0.042729
-0.154595
0.14301
-0.191183
-0.0984196
-0.107674
-0.0461926
0.142047
0.335221
-0.0891013
0.129501
0.103425
0.213327
0.0807879
-0.222569
0.0194722
-0.116631
-0.214198
-0.0572692
-0.229522
0.194822
-0.37737
0.170696
-0.226039
-0.0215712
0.0594489
0.158796
0.216258
0.0713366
0.252016
-0.103393
-0.251938
-0.206007
-0.0314818
0.154741
-0.229061
0.117958
0.188314
0.393613
0.0940164
-0.00617009
-0.081402
0.0412287
0.188147
-0.0244976
0.0154734
-0.0623983
-0.106253
0.0559224
0.0992619
-0.0351482
0.00952539
-0.0910738
0.125004
-0.0521617
0.0650972
-0.130359
0.0112467
-0.326237
0.193613
-0.133707
-0.0113778
-0.00776525
-0.228083
-0.149989
-0.00227479
0.0132815
-0.163068
-0.0300394
-0.0938989
0.083079
0.374225
-0.334384
-0.338776
-0.0644449
0.0848773
-0.100092
-0.0374931
0.000675508
-0.066676
-0.183464
0.07845
-0.0809187
0.19425
0.134657
0.304486
-0.171318
-0.207213
0.334239
-0.0647754
0.158539
0.0599864
-0.114572
-0.120915
-0.149204
0.255177
-0.0610148
0.189849
0.328029
0.128114
0.113643
0.245536
-0.119064
-0.337762
-0.121096
-0.17497
0.0857517
-0.0753343
0.128297
-0.0779754
0.123501
-0.256617
0.169834
0.0591376
0.153243
0.0744733
0.155542
0.230273
0.108561
-0.0779979
0.106229
-0.223225
0.222368
-0.322813
0.108028
0.0569055
-0.196385
0.340534
-0.268031
0.0927242
-0.108084
-0.113231
0.121905
-0.0869213
0.0699995
0.0818708
-0.0571266
0.265768
0.168373
0.0962474
-0.0971423
0.0765781
-0.162628
-0.0613972
-0.00499821
-0.148443
0.166649
-0.00767473
-0.0645737
0.0113037
0.119765
-0.163407
-0.048295
0.132503
0.0246647
0.239418
0.0316293
-0.186196
-0.135723
-0.238438
0.202474
0.134038
-0.00196541
-0.196517
0.122493
-0.209977
0.249454
0.360925
-0.0563812
-0.00343902
0.0980968
0.0693579
0.0903643
-0.18118
-0.0778284
0.0801203
-0.0176765
-0.229662
-0.146171
0.217206
0.0510309
0.0844756
0.0020328
-0.0149977
0.0480844
-0.142413
0.153724
0.261638
0.152356
-0.0356303
-0.106181
-0.250766
0.342911
0.214829
-0.0692683
0.116786
-0.00368301
-0.185751
0.0134219
0.0626048
-0.0415151
0.051867
-0.142524
0.241427
0.269902
0.116631
0.0490598
0.192146
-0.122938
-0.00796396
-0.0133165
0.283791
-0.211976
-0.149286
0.146135
0.117363
-0.121164
0.152028
0.0354965
0.138553
0.102768
-0.339895
-0.0112625
-0.0976166
0.0863362
-0.11147
-0.102147
0.00990088
-0.250664
-0.256788
0.103923
0.0945513
0.227888
0.192629
0.0296461
0.043733
-0.170778
0.232736
-0.151138
-0.0152309
0.0911246
-0.210458
0.219116
-0.18347
0.0424677
-0.139558
0.0976652
0.252913
-0.294052
-0.0759606
-0.221712
0.229321
-0.239424
-0.13929
-0.255155
-0.149641
-0.0795343
0.178594
0.105624
0.0760797
0.111924
-0.129296
-0.0463339
0.133012
-0.00973896
-0.0238411
-0.0201171
0.113549
-0.148611
-0.0677435
0.189683
-0.0544301
-0.131953
0.150818
0.0727002
-0.0252917
0.240651
0.101994
0.163757
0.0903603
0.130207
0.110643
0.269719
0.245144
-0.0521164
0.0559718
-0.0564181
-0.016785
-0.0854398
0.0958393
-0.119668
0.0883901
-0.223727
0.126468
0.0830457
0.35963
0.209224
0.159128
-0.140151
0.108743
-0.0381349
0.141048
-0.227506
0.224166
-0.248408
0.323468
-0.135
-0.0178838
0.300093
0.28878
0.236981
0.0433872
-0.0620361
0.265813
0.0626935
0.259692
-0.0563688
-0.102833
0.0341397
-0.170795
0.164143
-0.039812
0.182092
0.137181
-0.0310902
0.00478226
0.272357
0.138279
-0.0205853
-0.0172502
-0.101077
0.189035
-0.324093
0.169726
-0.0480925
0.138081
0.295828
-0.240834
0.206759
0.305831
-0.165274
-0.038859
0.107959
0.0495965
-0.0534978
-0.188458
-0.348973
-0.259718
0.415411
-0.0109233
-0.275849
-0.100527
-0.178153
0.0859381
-0.185571
-0.112128
-0.0518428
-0.0281331
-0.0693431
-0.0650743
-0.169149
-0.244926
-0.111294
0.019905
-0.160832
-0.152398
-0.071613
-0.0781079
-0.0145894
0.0569546
-0.308062
0.369444
-0.0573739
0.0466169
0.23081
-0.189872
-0.0697245
-0.0223266
0.153206
-0.0120011
-0.182546
0.182096
-0.143137
0.41529
0.195903
0.105607
0.170075
-0.117849
0.0407056
-0.237481
-0.154736
-0.154814
-0.143329
-0.0157518
0.0227777
-0.252989
-0.154435
0.0171505
-0.0914022
0.0853848
0.0520635
-0.0348683
-0.147368
-0.0184307
-0.238466
-0.359261
-0.112977
-0.207169
0.107368
-0.132021
0.122538
-0.081387
-0.184144
-0.289222
0.138034
-0.0758339
-0.303464
-0.114543
0.253225
-0.18921
0.0921806
0.180892
0.0998499
0.169885
-0.220087
-0.218689
-0.176931
-0.00457732
0.0826163
0.107637
0.108625
-0.0237666
0.241171
0.137644
-0.0254919
-0.12864
-0.207993
-0.130585
-0.206939
0.142908
0.0402185
-0.186512
-0.167314
0.00142683
0.113973
0.183384
-0.210095
-0.154778
-0.0280875
0.188749
0.147954
0.313403
0.0420491
0.164505
-0.0393922
0.223465
-0.159481
-0.034913
0.191255
0.207005
0.133349
-0.0382875
-0.189971
-0.185585
0.114177
-0.151356
0.122406
0.0958111
-0.368432
-0.188423
-0.0419255
0.0173314
0.0977936
0.23652
0.0384015
0.010649
0.170189
-0.514897
-0.194149
0.183211
-0.094624
-0.361033
0.0130197
0.15549
-0.17481
-0.083642
0.265607
0.232749
-0.197133
-0.352752
0.22161
-0.288666
-0.0948118
-0.192847
0.248733
0.0975113
-0.226471
-0.0587221
0.40248
-0.101672
0.321773
0.0135677
0.162695
-0.350912
0.167218
-0.283091
-0.15339
0.21608
-0.0825989
0.108449
-0.184564
-0.148651
-0.195841
-0.0321738
0.158578
-0.0815736
-0.00262229
-0.0181326
0.217232
0.0989376
0.132189
-0.0199804
0.00704503
-0.0523907
-0.200171
-0.0657489
0.0845055
0.0526332
0.17633
0.148452
-0.159655
0.0516644
-0.258066
0.196616
0.102693
0.165388
-0.0341967
-0.0583509
0.169014
-0.0827855
-0.0616167
-0.262332
-0.241703
-0.143271
-0.153432
0.149969
0.180401
0.333182
0.162617
0.164631
-0.255406
-0.375177
0.00629948
-0.0612994
0.145087
0.0792953
-0.169617
-0.0710086
-0.243371
0.228202
0.132816
0.089587
-0.118366
0.179082
0.0312732
0.00897519
-0.215638
-0.18957
-0.022089
0.19285
-0.0512882
-0.139853
-0.116688
-0.08055
-0.106344
0.118149
0.258205
-0.170553
0.00868815
-0.20994
-0.228647
-0.0507569
-0.0296622
-0.336041
0.0585403
0.209614
0.0280917
0.123759
-0.0685438
-0.0148122
-0.187563
-0.154691
0.0242116
0.0987033
0.112609
0.288161
-0.0596974
0.0613941
-0.160897
0.139424
-0.120157
0.077216
-0.302935
0.267174
-0.0125351
0.0830717
0.0728264
-0.0192074
0.0598086
-0.137468
0.149698
-0.00345294
0.0565139
0.0313174
0.141145
0.32808
-0.116107
0.0396946
-0.0463512
0.12004
0.0412259
0.342987
0.216276
0.154959
-0.0211386
-0.094425
-0.0707346
-0.235891
-0.0698312
-0.101606
-0.2087
0.0996991
0.0528444
-0.15575
-0.19364
-0.0591395
0.216892
-0.0529976
0.00990942
-0.191793
-0.171005
-0.12769
0.035375
-0.170192
-0.0640285
0.0105325
0.210444
0.154237
-0.283455
-0.0948028
-0.21224
-0.218394
0.0242914
0.111695
-0.022928
0.0551834
0.152073
0.0132381
-0.251321
-0.0536554
0.0397922
0.263694
-0.195345
-0.0107344
-0.0948441
-0.00599515
0.414038
-0.249316
-0.00903091
-0.249939
-0.169603
-0.0650422
-0.0992729
0.131813
0.086715
0.0810376
-0.157191
0.19216
-0.00823028
-0.154188
0.207619
0.138041
0.148817
0.172145
0.0990294
0.0153762
-0.157381
0.00167337
0.144351
0.194948
0.0822586
-0.0427035
0.25241
0.156564
-0.144583
-0.18351
0.00307443
0.028186
0.280955
0.0850127
0.143535
0.13179
-0.229454
-0.231583
-0.171364
-0.00859711
-0.104096
0.171354
-0.180364
0.0511147
-0.216862
-0.0943961
-0.126983
0.150577
-0.00955505
0.0405599
-0.0565566
-0.209583
0.00110464
-0.220649
0.247583
0.0146413
0.241572
0.135693
0.209658
0.131976
-0.206129
-0.00685121
0.207941
0.207378
0.265768
-0.0726516
-0.109562
-0.0233608
0.0652383
0.27583
-0.0648772
-0.0711302
-0.160091
0.144959
-0.203475
-0.159135
-0.0301675
-0.145389
0.276977
0.047124
-0.16302
0.27182
-0.125649
0.102003
-0.0343328
0.145867
0.0285845
-0.161515
0.149591
-0.130686
-0.0326269
-0.00839181
0.252097
-0.229333
0.297497
-0.166136
0.00990007
-0.114933
-0.113112
0.269245
-0.260703
-0.334957
0.000333445
-0.176368
0.38446
-0.117589
-0.0364213
0.00829163
0.187701
-0.107686
0.00505156
0.0835675
-0.188192
-0.0541238
-0.0772256
0.0551725
-0.133454
0.119411
0.143637
0.137015
-0.0777938
0.0343104
0.0799115
-0.344781
0.110483
-0.134786
0.0513809
-0.198944
0.290507
0.157712
0.223227
0.0416328
0.0207091
-0.253676
-0.10941
-0.139329
0.00477233
0.228777
0.0075399
0.171987
0.00320871
-0.218922
0.0996589
-0.331618
0.0178709
0.1174
0.0309733
0.16277
0.0101314
-0.159234
-0.04256
-0.0784581
0.0990316
-0.319839
0.181243
-0.149807
-0.047055
-0.0431557
0.314598
0.102838
-0.00618932
0.297237
-0.024572
0.161115
-0.238436
-0.00376367
-0.176804
0.154901
0.139691
-0.11304
0.0396762
-0.111928
0.0385622
-0.0336435
0.0564801
-0.203397
-0.157066
0.0415516
0.154108
0.144259
-0.227979
-0.330126
0.151677
-0.0904479
0.0572619
-0.0312951
0.103056
-0.101174
-0.163376
0.130277
0.316897
0.042878
0.232807
0.180022
-0.0683923
0.199365
0.168976
-0.256177
-0.173556
0.034602
-0.102355
0.106865
-0.2335
0.0819172
-0.0577522
-0.0392779
-0.442836
0.0558925
0.0291122
0.0266178
0.102611
-0.383136
0.0176412
0.235362
0.119375
-0.163433
-0.201193
0.0562566
-0.0978818
0.0681155
0.186653
-0.107101
0.219426
-0.0958136
0.130637
0.171686
-0.311493
-0.0902443
-0.142515
0.0258237
0.165514
-0.0605882
0.164078
-0.168113
-0.219881
0.177966
-0.331662
-0.27216
0.10419
0.0341232
0.0477501
0.0666846
0.0849564
-0.247388
-0.0762058
-0.151664
0.359186
0.283325
0.118899
0.102769
0.0604992
0.108171
-0.0772942
0.00700594
0.177461
0.112502
0.250502
-0.441497
-0.0372717
0.229242
0.0817261
0.0885394
-0.143011
0.186774
-0.147167
0.0841876
0.0630372
-0.00605053
-0.247467
0.198119
0.378301
0.0639104
0.0219736
-0.00906508
0.0131037
0.077267
0.0534623
-0.102605
-0.358137
-0.108347
-0.154722
-0.105239
-0.0147326
0.143378
0.144096
-0.0886448
-0.207973
0.241451
-0.272735
-0.136787
-0.164731
-0.0777703
-0.00750507
0.423249
-0.0500413
-0.0408608
-0.0196008
-0.286485
-0.0930551
-0.0937153
0.244749
0.109545
-0.0840346
0.192971
-0.168173
0.0246922
-0.280036
-0.0563508
-0.179644
-0.277752
0.272309
-0.217713
-0.135151
-0.166046
0.0530176
0.24753
0.034862
0.106494
-0.0565302
-0.0204297
-0.164824
0.0324096
-0.0418066
0.171548
0.0546835
0.077623
-0.218117
-0.037886
-0.0540122
-0.287146
-0.228871
0.129425
0.253466
-0.257998
0.0719459
0.184646
-0.203122
-0.111179
0.213526
-0.0282518
0.0550122
-0.420779
0.0540694
-0.193526
-0.135664
0.206951
-0.268085
0.135832
-0.176679
-0.161466
-0.184211
-0.0707827
-0.138209
-0.0965172
0.0799768
0.0918844
-0.131012
-0.0196469
0.119756
-0.0670057
-0.224631
-0.251128
-0.183292
-0.0896105
0.201966
-0.0564696
0.112945
0.0550888
-0.145638
-0.157413
-0.10983
-0.0603304
-0.165818
-0.1892
0.215423
-0.105206
-0.187478
-0.014705
-0.143309
-0.199572
0.118485
0.0255193
-0.175998
0.237116
-0.13819
0.0742861
-0.139512
-0.149073
0.0308569
-0.170938
0.0202562
0.110026
0.0899141
-0.0107299
0.0928039
0.0103621
0.142103
-0.114332
-0.235981
-0.101841
0.126517
0.0479548
0.036359
-0.236779
-0.0859318
0.0965397
0.0761623
0.0844006
0.154067
0.0981469
-0.0142226
0.395066
-0.0832873
0.227058
-0.134465
0.316711
-0.137001
-0.137934
-0.100807
0.0399801
0.185454
0.197849
0.191615
-0.159259
-0.107825
-0.0181369
0.0297485
-0.11046
0.274455
0.0915279
0.0803187
0.00631754
-0.0327559
-0.0498201
-0.228316
0.198865
-0.0917019
0.0434647
0.168852
-0.149443
-0.188921
-0.109726
0.0223453
-0.0148945
-0.229626
0.258626
0.0401869
0.152993
0.000203246
-0.0191993
0.0936874
0.111673
-0.191142
-0.181342
0.0250131
0.112938
-0.17152
0.111366
0.233713
0.166696
-0.0884643
0.333431
-0.136131
0.0536096
0.0868389
0.197109
0.194457
0.0386575
0.352999
0.201215
-0.110917
-0.157012
0.35821
0.0482947
-0.143326
-0.0386986
-0.0667773
0.162992
-0.137982
0.184996
-0.132646
-0.0741471
-0.162011
0.143966
-0.139276
0.0516685
-0.0505697
0.00687167
-0.259691
-0.103545
-0.0867081
-0.264898
0.127876
0.0766268
0.0808235
-0.293945
-0.0951255
0.18322
0.343442
0.127791
-0.0312796
0.363936
0.156719
0.338486
-0.273653
-0.0685843
-0.11579
0.177114
0.0601325
-0.0565572
0.0389138
0.0233151
0.0184231
0.106317
-0.114449
-0.157803
0.292224
0.0414241
0.140019
-0.200289
-0.0100224
0.0103424
-0.0923576
-0.0740024
0.0458012
0.0607088
-0.00817862
-0.32142
0.0513069
-0.0365163
-0.333031
0.0922255
0.222856
-0.234835
-0.136142
-0.190479
-0.0929805
-0.298696
0.221697
-0.23194
-0.191597
0.124319
-0.0218474
-0.0899754
0.102609
0.00632819
-0.183418
-0.206622
-0.0276942
0.196131
-0.267007
0.0440451
0.235304
-0.268919
-0.150785
0.163198
0.182253
-0.0245818
-0.12466
0.0773167
-0.198711
0.367105
-0.0715705
-0.0997889
-0.194762
-0.206321
-0.171383
-0.0368926
-0.157368
-0.234554
0.00444486
0.227594
-0.194723
-0.103923
-0.289608
-0.121043
-0.457809
-0.0774792
-0.193983
-0.0792096
-0.1122
0.211135
0.0740182
BIAS
32
0.0959375
0.0069102
0.116578
0.0664383
0.0579471
0.138269
0.119886
0.0705321
0.0955972
0.0477329
0.0356834
0.147739
0.172224
0.0557613
0.118266
0.0259976
0.0978022
-0.00641062
-0.0102092
0.294893
0.111061
0.125619
0.0950647
0.22035
0.0393106
0.334092
0.267926
0.0753189
0.055627
0.12539
0.0788479
0.0879955
