WEIGHTS
4096
0.0736635
-0.212599
-0.118149
0.189391
-0.153768
0.261749
-0.0811755
0.0873296
-0.0573547
0.265226
0.039552
0.0609157
0.279166
-0.301381
-0.0526898
-0.104184
0.228379
-0.0713964
0.257227
0.121829
-0.427192
-0.149526
0.131082
-0.0523137
0.0531235
-0.191539
-0.0889686
0.226361
0.0320574
-0.0176401
-0.189979
-0.247657
-0.254653
-0.201272
0.0431584
-0.249661
-0.132224
-0.0885482
0.00923458
-0.140109
0.0437563
-0.197968
0.192441
-0.12112
-0.000957916
-0.244385
-0.0714211
-0.245688
-0.198304
0.00938666
-0.270335
-0.158191
-0.0593636
-0.0478336
-0.235229
0.0308355
-0.168074
-0.0502967
0.148145
0.0351092
-0.167294
0.145552
0.00410481
0.0724404
-0.129264
-0.162839
-0.120169
0.215722
-0.121584
-0.126532
-0.0344136
-0.0300623
-0.0161911
0.0128175
0.254032
-0.100853
0.127061
-0.0101736
0.00350427
-0.180438
0.0512892
-0.109553
-0.0552684
-0.0902129
0.175978
-0.0405361
-0.0262046
-0.217978
0.303953
-0.21165
0.172556
-0.0875825
-0.0940833
-0.203747
0.434064
0.0774184
-0.122159
-0.0891608
-0.127588
0.172629
-0.175405
0.182112
0.19448
0.0131606
0.0532283
0.113771
0.0944738
-0.153236
-0.199873
-0.210915
-0.115777
0.165453
0.181677
-0.0918933
-0.123625
-0.102637
-0.160137
-0.0559341
-0.0599186
0.0283904
-0.211288
0.02674
-0.0746934
0.165598
0.115175
-0.109057
0.0197409
0.0714574
-0.136332
-0.0641574
-0.0650907
0.00863741
0.256439
-0.275243
0.162445
-0.181139
0.0383284
0.228148
0.0327297
0.0137801
0.131646
-0.264414
-0.218426
-0.128541
-0.00708693
-0.127751
0.104074
-0.193644
-0.0324967
0.0136266
0.371845
0.0987774
-0.0682671
-0.211459
-0.0960085
-0.241415
0.0937078
0.168231
-0.0703678
0.115419
-0.196995
-0.0565104
-0.110838
-0.0927783
-0.17491
-0.061793
-0.256196
-0.097753
-0.107038
0.0628238
-0.00534951
-0.0399234
0.0128658
-0.0620774
0.0947514
0.177094
0.168049
0.120493
0.189252
-0.0696833
0.0702961
-0.244719
-0.173475
-0.0214939
-0.13568
0.043615
0.266551
-0.19544
-0.00773285
-0.0925619
-0.1955
0.209063
0.0754798
0.00844081
0.330205
0.0726331
-0.324766
0.135777
0.192605
0.179542
0.112079
0.294519
-0.189987
0.0672844
0.147807
-0.0707684
-0.165568
-0.159413
-0.0841693
0.169488
-0.194793
0.129764
-0.00860999
-0.0565801
0.0187296
-0.0171039
0.238292
0.00738415
-0.0462926
-0.0378761
0.17411
0.105966
0.105793
0.0676634
-0.318431
-0.219045
-0.0353444
-0.196915
0.309349
-0.0202109
0.0379417
0.144814
-0.0737772
0.0399948
-0.117908
0.097078
-0.099055
0.0604525
-0.0384889
-0.105451
-0.269368
0.321665
-0.0253709
-0.07842
0.0516783
-0.0326456
0.271584
-0.210511
0.164324
-0.255763
0.144073
-0.225297
-0.133027
0.0176941
-0.112262
-0.0311937
-0.0496742
-0.0838425
0.0155703
-0.278704
0.298144
0.193586
0.105724
-0.0255811
-0.226098
0.215093
-0.223661
0.00219066
-0.285943
-0.206161
-0.079141
0.132785
-0.351005
0.0448984
0.14575
0.0374993
-0.0486418
0.165428
0.408889
0.175819
0.160312
-0.101366
-0.0541801
-0.0800197
0.180509
-0.0422178
-0.0392411
-0.126087
-0.112307
-0.226135
-0.094942
-0.146021
0.102898
-0.181988
0.0047098
-0.109398
-0.124741
0.0595747
-0.198439
0.122206
-0.0467708
0.118669
0.186928
-0.224847
-0.187476
0.181372
0.10134
-0.221372
0.0978368
0.278636
0.30299
-0.159795
-0.166754
-0.0185709
-0.226336
0.00606855
-0.148116
-0.107726
0.211125
0.325909
0.0307916
-0.00966363
-0.109272
-0.212055
0.0852569
-0.0936859
0.0715579
0.0771288
0.0604008
-0.143646
0.139967
0.0324688
0.0756442
-0.152593
0.0186928
-0.0328279
0.0526441
0.219218
0.097479
-0.0709685
-0.107695
0.290274
-0.0992503
0.0615356
0.0676553
-0.0991586
-0.156564
-0.0667861
0.0120272
-0.228258
-0.230004
0.16526
0.0840855
0.200236
0.00103551
-0.162726
0.0710311
-0.099834
0.122126
-0.331471
-0.232389
-0.0680396
0.124765
0.000407088
-0.0985574
0.0682964
-0.022295
0.124024
0.0675004
-0.0109053
-0.277556
-0.196989
0.188928
0.228509
-0.109972
-0.15298
-0.158498
0.0622955
0.184463
0.0936354
-0.0403128
0.160358
0.284033
0.114466
0.0873087
0.0263089
0.109592
-0.0382339
-0.234745
0.188973
0.156032
-0.219141
-0.0420977
0.238995
-0.144543
0.210091
0.0221737
-0.114452
-0.0632497
-0.0247014
-0.16972
-0.0523941
-0.112635
-0.120575
0.0759108
-0.0430506
-0.170635
-0.0745301
0.187892
0.0589086
0.0478341
0.133504
0.0213368
0.222856
-0.129207
0.0666024
0.212873
-0.0843446
0.0094938
0.0100396
0.307616
-0.227428
-0.280171
-0.0992911
-0.155793
0.0576883
0.274132
-0.0700671
-0.0708757
-0.113259
-0.00973163
-0.237305
0.116326
-0.140277
-0.316531
-0.133451
0.292469
0.231642
-0.0170966
0.129955
-0.0311317
0.0282656
0.214086
0.366243
-0.273248
0.104214
-0.0782547
-0.20106
-0.160361
-0.177309
-0.0537658
0.112453
0.143768
-0.0940908
0.0472792
-0.0152638
-0.252316
0.276114
-0.166193
0.171802
-0.0203491
-0.123083
-0.238956
0.127254
0.114804
-0.222889
0.139274
0.265851
0.0427811
0.192176
-0.0290461
0.29413
-0.140252
-0.225384
0.17422
0.109175
-0.194645
-0.0943235
0.324256
0.253748
0.0805894
0.0246493
0.0601153
0.103711
0.278488
0.164341
-0.0731893
0.196535
-0.182912
-0.221246
0.192789
0.0736809
-0.175598
0.279616
-0.0876175
0.212591
0.0510115
-0.146186
0.164893
0.0222505
-0.163385
0.188795
0.0977507
0.0461036
-0.23072
0.101227
0.159576
-0.149319
-0.100276
-0.0527626
0.0494868
0.0543341
-0.0227101
-0.0099783
0.117613
0.181021
0.0327664
-0.209468
0.0929631
-0.096753
-0.252419
-0.427018
0.361509
0.0718623
-0.237652
0.0846937
0.163997
-0.0703852
0.106709
0.233624
-0.163773
-0.0012433
0.0649868
0.191818
0.0227409
0.051246
-0.129339
-0.0249866
0.109606
-0.0223445
0.0733707
0.0513115
0.319895
-0.0715055
-0.224217
0.0438717
0.0585674
-0.431634
0.217079
0.379396
0.186801
-0.0769147
0.0510296
0.221029
-0.142467
-0.160284
0.133417
-0.111618
-0.300749
-0.0222742
-0.258887
0.141185
0.344139
0.367744
-0.094984
0.098242
0.00866007
0.193961
-0.00446051
0.0970377
0.193554
-0.0450154
-0.079345
-0.0553177
0.228608
0.0638073
-0.156388
-0.0471596
0.248918
-0.115513
-0.118504
-0.163904
-0.0873063
0.00860063
0.240863
-0.113333
0.168609
-0.11901
-0.0234444
-0.126761
0.0685806
0.111429
0.0917921
-0.209758
-0.132462
-0.0137543
0.133277
-0.368875
-0.17279
-0.0166216
0.0535289
0.169687
-0.114797
0.0221349
-0.0230836
0.27945
0.131352
-0.238505
0.19998
-0.0379238
0.0141136
0.240304
-0.0207479
-0.152344
0.0396761
-0.160389
0.123694
-0.130032
-0.0268348
0.288713
-0.0336127
-0.226323
0.1474
0.300538
0.156946
-0.00254184
-0.166921
-0.154982
-0.267434
0.127354
-0.0687218
0.200573
0.209756
0.0853785
0.0423654
0.50469
-0.0890809
-0.0408748
0.104279
0.167378
-0.32635
-0.0865737
0.124827
0.104151
-0.142923
-0.175833
-0.0457504
0.13333
0.238455
0.348978
-0.0180669
-0.136059
-0.0232419
0.170646
-0.0610784
-0.139748
-0.195701
0.17372
0.174707
-0.0545043
0.00430273
0.0656367
0.0855138
0.0560062
0.0252338
-0.0871613
-0.244792
0.19439
0.0109193
-0.0760954
-0.161217
0.220854
0.116563
0.116383
-0.208912
0.149918
-0.0297551
0.144772
-0.162512
0.153827
0.316976
-0.0350653
0.0695235
0.116458
0.0262452
-0.238791
-0.213609
-0.0926085
0.103655
0.0243237
-0.16053
-0.0931752
0.0438586
0.0797419
0.338735
-0.114106
0.459805
0.0904073
0.279585
0.205086
-0.1821
0.0917552
-0.247784
0.012701
-0.0364185
0.0545989
0.0591714
-0.0657578
0.0203681
-0.0353155
-0.0762715
-0.10478
0.036541
0.0833707
0.0569886
0.170849
0.131299
0.024308
0.0760996
-0.0434971
0.214567
-0.0887887
-0.0363561
-0.149104
0.215807
-0.0651861
0.112889
0.117278
0.0892569
-0.204784
0.221375
0.132972
0.0884422
-0.0731491
-0.0200075
0.0731022
-0.137897
0.107738
-0.170275
-0.225512
-0.111088
0.22574
-0.00816253
0.188095
-0.0352579
0.210721
0.00800968
0.112252
0.0108221
0.208826
0.230384
-0.00831664
-0.149163
0.222655
-0.101876
0.249625
0.133881
-0.1948
0.0379555
-0.0575798
0.134301
-0.106679
-0.112723
-0.180102
0.197598
-0.250937
-0.0758642
-0.239161
0.374569
0.281605
-0.0827398
0.146774
0.213689
-0.150036
-0.249451
-0.0693118
0.107965
0.390233
-0.180931
-0.158337
0.302542
-0.098716
-0.106982
0.0989912
0.086761
-0.126287
0.0737866
0.218742
0.326851
-0.363152
-0.0244556
0.0207568
0.149515
-0.0363299
-0.0345213
-0.149326
-0.213932
-0.0143036
-0.21255
-0.327471
-0.0162553
-0.187964
0.0224818
0.246057
0.103611
0.143629
-0.040227
-0.196677
0.2493
0.148762
-0.0473464
0.0624386
-0.22307
-0.0102137
0.272559
-0.119405
0.162251
0.171553
-0.0827464
0.10344
-0.0730311
0.233053
0.0531399
0.0511937
0.312081
0.130454
-0.0606174
-0.0485375
-0.04994
-0.0645548
0.016177
-0.0997035
0.200892
-0.0404781
0.0888712
-0.177703
0.0634594
0.157858
-0.170742
-0.247416
0.352595
0.155246
0.211881
0.0833362
-0.120867
0.139336
-0.150494
0.217498
-0.111816
-0.141435
0.154516
-0.18225
0.0670674
-0.166893
-0.331255
0.00246208
0.0631132
-0.0397981
0.206754
0.179606
-0.205389
0.149219
0.0425896
0.0894192
0.0966397
0.182717
-0.0336146
0.166588
-0.0304444
0.0279785
0.347095
-0.0315178
0.0201166
-0.196506
-9.28809e-05
-0.0269086
0.102714
-0.249252
0.0702216
0.0764222
-0.335939
-0.267488
0.0680516
0.0846609
-0.14161
-0.182879
-0.0582135
-0.153082
-0.493032
-0.0575479
-0.121141
-0.190769
-0.0717319
-0.226198
0.237405
0.451322
0.109418
0.0704467
-0.146431
-0.08082
0.309688
0.252947
0.0307541
0.217574
0.237168
0.0612325
0.186594
-0.115895
-5.55593e-05
0.108128
0.173703
-0.134554
0.0160743
-0.100759
-0.0648424
-0.0866882
-0.0290432
-0.0856037
0.150549
0.274091
0.254782
-0.0170485
-0.106916
0.072066
-0.105954
0.231115
-0.23663
-0.193797
-0.19631
0.0529146
0.025846
-0.0361409
0.0124013
-0.0104639
-0.199223
0.306439
0.0467539
0.341884
-0.131525
-0.03817
-0.0144719
0.25682
0.00677675
-0.0673215
-0.0793437
-0.0927976
-0.142039
0.159451
0.249275
0.142154
0.0618907
0.0893818
-0.00585237
-0.106803
-0.073977
-0.414026
0.152421
0.102584
-0.260892
-0.117218
-0.165502
-0.074225
0.0254901
0.209616
-0.162616
0.16557
0.261303
-0.00613119
-0.0485512
-0.0667483
-0.0473867
0.110901
0.261937
0.0640252
-0.213957
-0.0150137
-0.193812
-0.0110281
0.328258
0.209512
-0.0285212
-0.22299
0.138205
-0.0980737
0.0524701
0.0460726
0.0286267
0.190043
0.131861
-0.195709
0.252726
-0.115149
-0.239882
0.0115556
-0.230616
-0.080188
-0.0690618
0.196674
-0.114006
-0.12598
-0.00222251
-0.0878619
0.0104211
0.0201922
-0.195007
0.0652208
0.134812
-0.0029899
0.180578
-0.152696
-0.256153
-0.0370817
0.256295
-0.131457
0.0183599
-0.182842
0.199484
-0.06405
0.170093
0.068113
-0.133639
-0.130839
-0.149822
0.160505
0.0137598
-0.131118
0.0639966
-0.0402194
-0.176784
0.00262266
-0.285255
-0.117806
0.122122
0.199757
0.185398
-0.106966
-0.103073
-0.10955
-0.0760166
0.17542
0.149817
-0.0223008
-0.194566
-0.0779547
-0.140969
0.281714
-0.242136
0.120161
0.088156
-0.166954
-0.185231
0.0461238
0.0339032
0.108753
-0.173135
-0.264729
-0.100314
-0.212014
-0.0687617
-0.144262
0.0338357
-0.0269077
-0.212147
-0.337497
-0.112801
-0.131633
-0.00705602
-0.251101
-0.0760035
-0.109913
-0.129941
-0.0145389
0.148374
-0.0368258
0.00911357
0.0183708
-0.00830032
-0.0978628
0.0743328
0.218397
0.248718
0.00639892
-0.182311
0.161295
-0.00356554
0.410205
0.159191
-0.308605
0.0138509
0.0286057
-0.163266
-0.243184
-0.00197345
0.307341
-0.330717
0.205464
-0.19576
0.14348
-0.402851
0.359688
-0.247798
-0.176196
0.0630009
0.106756
0.298706
0.159376
0.283735
0.2722
-0.071613
-0.0965528
0.23613
0.262649
0.114778
-0.0569294
-0.171501
-0.0478275
-0.0154289
-0.428662
0.0287712
-0.293502
-0.0103392
-0.200156
-0.106849
-0.0363192
-0.120601
-0.072566
-0.203222
-0.0629005
-0.023888
-0.137216
-0.194046
0.100746
-0.0145489
0.0907582
0.169288
-0.180375
-0.192836
-0.0832249
0.432521
0.273848
0.109378
-0.131109
0.0911802
-0.226464
0.168663
0.167359
-0.313195
-0.180668
-0.107508
0.0917033
0.0225155
0.013728
0.0330885
0.01942
0.0881789
0.200163
-0.0337826
0.0470059
-0.191828
-0.0466587
-0.0950664
0.208376
-0.153269
-0.132557
0.0800326
0.164815
-0.112573
0.149865
0.112277
-0.166887
0.0257989
0.192701
-0.149559
0.143926
-0.201847
0.0406248
0.0399055
0.225595
0.103307
0.0431105
0.118631
-0.29429
0.234083
-0.290242
-0.139809
0.189861
0.0540006
-0.164569
-0.0386987
0.0783976
-0.0760964
0.153889
-0.0348621
0.032097
-0.0841644
0.149951
0.108132
0.0497397
-0.102947
0.202829
-0.162738
-0.116589
0.0602387
0.0688783
-0.0185151
-0.0615523
0.130907
0.173164
-0.181078
-0.11156
-0.0585566
-0.222988
0.205779
0.0590791
0.0124007
0.114946
-0.16706
0.0138777
0.0511279
0.0901525
0.131081
0.0342963
0.0517285
-0.150995
0.0531991
-0.0564309
0.13211
0.22533
0.0213906
0.088868
-0.0457055
0.151021
-0.143338
0.247445
0.287325
-0.340269
-0.0867729
0.208258
0.201099
-0.123479
0.243934
-0.141343
0.266643
-0.235232
-0.154024
-0.0661326
-0.138306
0.165274
0.13213
-0.145253
-0.118026
-0.320272
0.153191
0.209855
0.268953
0.206197
-0.0255728
0.0815139
-0.179003
-0.013077
-0.061039
0.244733
0.180646
-0.121008
0.0391521
-0.2206
0.00212837
-0.151327
-0.100238
0.0299653
0.0849915
-0.0871796
-0.274289
0.122156
-0.261618
-0.217531
0.140201
0.122749
0.0909882
-0.280319
0.0737043
-0.00169517
0.00883148
0.124678
-0.0852795
-0.0469057
-0.206305
0.164318
-0.222613
-0.0434589
-0.303921
0.161876
-0.121357
0.296587
-0.19911
-0.128453
-0.161435
-0.0565514
0.180093
-0.260655
0.020317
-0.110459
-0.0790269
0.14779
-0.175256
-0.0154085
0.035667
0.125093
0.0565859
-0.196152
0.0776196
-0.181532
-0.173412
-0.0960866
0.041641
-0.128251
-0.0765606
0.225069
-0.163781
-0.0385328
0.199135
-0.200565
0.135221
-0.0307217
0.0168202
0.17625
0.0846643
-0.172964
-0.00131248
0.194789
-0.0580771
-0.249087
-0.151295
-0.0672058
0.105796
0.303404
0.168623
-0.264916
-0.130811
0.0677327
0.0216626
0.141399
-0.388714
-0.115064
0.0996644
-0.16229
0.145467
-0.0327366
0.0914245
0.196327
-0.10106
0.0849822
-0.0437063
-0.0427941
0.0131753
0.102705
-0.108097
-0.152591
0.315186
0.218313
0.202813
-0.0326533
0.163995
-0.242474
0.0645287
-0.183318
-0.245308
-0.0588092
-0.0845786
-0.19318
0.178803
-0.180659
0.0424258
-0.0345967
0.0867273
-0.276681
0.391438
-0.0425692
0.00814485
0.132655
0.344334
-0.00753899
0.109297
0.199426
-0.0237392
0.110894
0.0597817
-0.147179
-0.0400762
-0.123566
-0.0134798
-0.104336
0.212811
-0.0587985
0.166197
-0.271271
0.208183
-0.197568
0.153026
-0.175517
-0.214792
-0.0453751
-0.0493296
-0.142998
0.0960226
0.202352
0.201934
0.158009
0.0894406
0.160469
0.0528578
-0.237256
0.0265839
0.175309
0.075088
-0.0230153
-0.225172
0.026755
0.0165418
0.0243389
0.160824
0.070947
0.0653185
-0.133992
0.269062
0.29561
0.0920517
0.0343085
0.402116
0.00233582
-0.184597
-0.036984
0.268755
0.114483
-0.242438
0.274615
-0.0994763
0.0975383
0.127623
0.158455
0.0964526
0.235671
0.120428
0.0613529
-0.162555
-0.254459
0.118926
0.0989055
-0.0790664
0.157647
-0.0533087
-0.20423
0.0373348
-0.249001
-0.103633
0.045396
0.232945
-0.0936566
-0.246297
0.209937
-0.000611055
-0.37082
-0.0245907
-0.161129
-0.13442
-0.034042
0.240419
0.208672
0.0948884
0.178284
-0.21455
-0.113206
-0.187149
-0.167625
-0.270657
-0.0177421
0.160017
0.0205472
0.155523
0.219953
0.256824
-0.160049
0.221392
-0.0689531
0.0971233
0.0201952
-0.0686649
-0.17551
-0.0737408
-0.249714
0.0307009
-0.0952151
0.32236
-0.199405
-0.0226891
0.163364
-0.147185
-0.166674
0.242598
-0.0128649
-0.0818711
-0.0305969
0.0821839
-0.255684
-0.124696
0.130368
0.123202
0.0337011
-0.102791
-0.25752
-0.103163
0.150928
-0.103172
-0.296616
-0.0897479
0.105515
-0.0449922
0.259397
0.211138
0.124224
-0.526413
-0.0319207
0.225057
-0.132028
0.061405
0.224071
-0.234315
-0.0703727
-0.140785
0.123661
-0.0585286
-0.349317
-0.168879
-0.156207
0.134158
0.0963214
0.0738375
-0.108151
-0.103849
0.0442294
0.191017
0.298478
0.0627588
-0.117556
-0.130861
0.139646
0.141482
0.0327589
-0.157171
0.13374
0.276646
-0.0517909
-0.0109149
-0.270637
-0.0381234
0.0328922
-0.158224
-0.257716
0.126913
-0.100142
-0.199433
-0.149978
0.0494584
-0.191476
0.118135
0.0215847
0.0222517
-0.292709
-0.146957
-0.145946
-0.118925
-0.101682
0.0502379
0.137221
-0.183254
-0.182534
-0.212237
0.278808
-0.24162
0.150064
-0.173633
-0.176822
0.228831
-0.139139
0.226377
-0.209024
-0.00682798
0.0466397
-0.00273471
-0.197536
0.231557
0.19168
0.117619
0.159433
-0.161551
-0.110159
-0.036565
-0.0613456
-0.0510565
-0.0325982
0.0965777
0.126122
-0.183381
-0.222238
0.138403
0.120934
-0.0222449
0.163888
0.161894
0.147608
0.194495
-0.0395566
-0.126104
-0.144953
0.12452
0.0340744
-0.0107186
0.0549534
-0.139467
0.258867
0.0820669
0.339297
-0.157325
0.319817
0.167401
-0.0355344
0.0450092
0.000469748
0.0820568
0.262414
-0.306131
-0.262091
0.190216
-0.144972
0.122815
-0.100283
0.36514
0.0335718
0.109721
0.0774865
-0.161653
-0.0925886
-0.105748
0.0767312
-0.225263
0.136819
-0.132441
-0.0816008
0.139595
-0.243746
0.28743
0.325932
0.310753
-0.0521116
-0.212464
-0.125216
-0.306091
-0.110315
-0.173213
0.0377591
0.00162206
0.110808
0.257096
-0.25503
0.0582686
0.0447687
0.265741
0.0166088
-0.35952
-0.106542
-0.0814637
-0.122272
0.13545
0.24405
-0.084791
0.055107
-0.188366
-0.0480304
0.386346
-0.0531685
0.0345647
0.0525121
0.00961083
0.0204103
-0.205785
-0.149331
0.00354519
0.161964
0.316353
0.153215
-0.00931951
-0.0656421
0.257273
0.146976
-0.0880036
0.334958
-0.0165063
-0.179244
0.0201572
0.0883855
0.245212
-0.180649
-0.124617
0.0696252
0.216092
0.00834643
0.163453
-0.0386876
-0.039223
0.193347
-0.135145
-0.194606
0.396686
-0.0857948
-0.357608
-0.268609
0.139494
0.240101
0.0191781
-0.0121722
0.13291
-0.132467
-0.10417
-0.257191
-0.070015
-0.16669
-0.21806
0.464071
-0.124099
-0.0481572
-0.088116
-0.134244
-0.171567
0.136875
-0.125292
-0.122381
-0.0602201
-0.301632
0.0915385
-0.065449
-0.152126
-0.131017
0.272274
0.100848
0.0868841
-0.0863836
0.0500436
-0.069313
-0.218473
-0.145001
0.0617763
-0.275473
0.0923981
0.17523
0.137968
-0.0869572
-0.117069
0.165772
-0.106004
0.22912
0.0160562
-0.0272898
0.154022
0.073005
-0.287834
0.000673796
-0.168552
0.0491932
0.0923654
-0.106129
0.026066
-0.130739
0.00591083
-0.00673246
0.142174
-0.14726
0.218824
0.056075
0.219309
-0.0611232
-0.110855
-0.0313184
-0.400624
-0.148065
0.101253
0.00490808
-0.225578
-0.181848
-0.199422
0.0185727
0.306262
0.16206
-0.0975915
0.126888
-0.160956
0.0345535
-0.0640823
0.0919447
-0.0286493
-0.0931051
-0.0504932
0.159168
0.439775
-0.032386
0.197836
-0.0371338
0.242027
0.0748152
0.101584
0.182396
-0.220244
-0.196244
0.0053713
0.0388727
-0.181775
-0.0270592
-0.0697349
-0.0501052
-0.0101746
0.239064
0.229939
-0.252899
0.0857906
0.123876
-0.198897
-0.20807
-0.22541
-0.262871
0.266255
-0.184505
0.107763
0.189502
0.189175
0.322491
-0.0833305
-0.0900703
-0.158764
-0.094687
-0.113028
0.0125236
-0.235396
0.117866
0.256518
-0.177302
0.0126426
0.212499
0.0956839
-0.188499
0.442096
-0.0364536
0.0950377
-0.19269
-0.227818
0.222473
0.128989
0.245175
0.0270408
-0.180766
-0.226363
-0.055893
0.0375915
-0.0332345
-0.2816
-0.0761235
-0.231153
-0.223802
0.0633768
0.0550686
-0.25223
0.0808976
-0.11899
-0.0693637
-0.363134
-0.330872
0.125895
-0.0393356
0.346099
-0.28912
0.0564843
0.0269834
-0.0398159
-0.00996139
-0.163001
-0.0994595
-0.190054
0.0891352
0.0273862
-0.236371
-0.0894851
0.100318
-0.463645
0.342888
0.338268
-3.31127e-05
-0.0189002
0.164537
0.244334
-0.247468
0.295564
-0.403982
0.0947415
0.00678289
0.00713977
-0.0594958
0.170655
-0.217315
0.138683
-0.0344872
0.320015
0.257635
-0.212988
-0.0650264
0.183946
-0.163684
-0.149221
-0.206216
-0.181267
0.194531
-0.271765
-0.0233873
-0.04996
-0.151314
-0.153521
0.0441987
0.0623201
0.116452
0.146011
-0.0666636
-0.219915
-0.118315
-0.239397
0.139242
0.226083
0.161973
0.0460433
-0.0420361
-0.128423
0.254329
-0.16529
0.0971972
0.244554
0.507828
0.26171
-0.108256
0.110952
-0.211423
0.0520496
-0.435853
-0.0836164
0.00371606
0.231691
0.111694
-0.063971
-0.114216
-0.181829
0.228451
-0.195089
0.0799344
0.0963594
-0.121882
0.0540304
-0.0720082
-0.0751581
-0.0180359
-0.0317484
0.0669615
0.172011
0.0400028
0.0415891
-0.177368
-0.0912006
0.0892918
-0.0627392
-0.520172
-0.208886
0.0909963
-0.0165218
0.249031
0.0199861
0.162658
0.0982102
-0.103344
-0.0618515
-0.113569
0.156512
0.00077122
0.304877
-0.155504
-0.117608
-0.0921127
0.314728
-0.164994
0.169378
0.171361
-0.262963
0.0918761
-0.0261251
-0.264686
0.150925
0.0463924
0.312574
0.074688
-0.390026
0.0609985
-0.184721
-0.209044
0.212656
0.0450486
-0.21155
-0.100581
0.160052
0.2502
-0.0743044
0.228
0.207458
0.110462
0.068011
0.00877231
0.0717198
-0.231395
0.236568
-0.159802
-0.0849044
0.213353
-0.203786
-0.185743
-0.0441676
0.210355
-0.065199
0.137299
0.0243702
-0.078198
0.0703471
-0.141127
-0.191344
-0.143085
0.0219384
-0.0670701
0.110003
-0.171286
-0.260611
0.122258
-0.0250764
0.325515
0.166715
0.175877
-0.0658168
0.0139359
-0.0624398
0.117219
0.223538
-0.0471245
0.0677511
-0.142089
0.0839833
0.23961
0.0352937
-0.340819
-0.129499
-0.019869
-0.193667
0.31246
0.0788143
-0.0436376
-0.113179
-0.195609
0.199796
0.349288
-0.281279
0.139833
-0.0197564
0.0334432
-0.349114
-0.20911
-0.0455623
0.215916
0.244655
0.000776218
0.161727
0.173528
-0.00981516
-0.103133
0.248084
0.111597
-0.0193034
0.0308605
0.170209
0.137906
-0.00897774
-0.193173
-0.26904
-0.0643495
0.124389
0.126376
-0.101161
-0.104286
0.067032
-0.215471
-0.000437019
0.224498
-0.266233
0.0182089
0.00121451
-0.0867624
-0.288577
0.0417492
0.0989361
0.0672873
0.242532
-0.242445
-0.0513573
0.15126
0.101564
0.134749
0.191421
-0.107935
-0.105293
0.118483
-0.162346
-0.154346
-0.0342925
-0.269227
-0.155818
-0.159697
0.104029
0.375489
0.216537
-0.0280134
-0.0664435
0.113941
-0.264227
0.323017
0.0404349
0.144853
-0.0425721
-0.127419
-0.361685
0.0266931
0.0509084
0.0887837
0.0690816
-0.368701
0.14182
0.144731
0.00716328
-0.0577261
0.0152888
0.266073
-0.0482213
-0.156651
0.119109
-0.00261583
-0.0112115
-0.129758
-0.192423
0.00770119
-0.258564
0.200394
0.211821
-0.180195
-0.0964848
-0.0193218
-0.107927
-0.160008
0.202078
0.158376
0.036353
-0.0536708
-0.0761275
0.131833
-0.0892893
-0.0749188
0.138707
-0.100202
-0.216129
-0.238989
-0.221148
-0.0411443
-0.0909912
0.219232
-0.047048
-0.0731522
-0.0283132
-0.212061
0.069014
-0.0614324
-0.0807865
-0.0176058
-0.0475868
0.139772
-0.220332
-0.195223
-0.240846
-0.146974
0.373332
0.319929
-0.198002
0.0440585
0.221859
0.189587
0.363647
-0.0704965
-0.112839
-0.133305
-0.0479117
-0.165836
-0.0331101
-0.26657
-0.0849133
0.220018
0.161934
0.0477846
-0.167774
-0.0356333
-0.215109
-0.0429428
0.128266
-0.197301
0.176883
0.208594
0.227718
-0.118597
-0.0484774
0.199094
-0.0176144
0.0593427
-0.109301
0.316923
0.0430597
0.138212
-0.276395
0.0436641
0.0749276
0.0616969
0.1495
0.441576
-0.0426187
0.168512
-0.00514729
0.0405922
0.0666789
-0.0525365
0.143494
-0.316826
0.211951
0.342492
0.134723
0.0599986
-0.132598
0.0919765
0.109954
0.215204
-0.199208
-0.218105
-0.0309931
-0.112591
0.0158983
-0.0265152
0.170565
0.0402954
0.165897
-0.474115
-0.0606928
-0.178868
-0.01202
0.095464
-0.302556
-0.0400354
0.00602146
0.415863
0.0521894
-0.181972
0.207522
-0.0746725
-0.200823
0.0691479
-0.27605
0.242952
-0.265911
-0.350628
0.0940575
-0.019836
0.119694
-0.0094459
0.154506
0.0214809
-0.105753
0.133567
-0.00964108
0.213637
0.0658521
0.205434
-0.342933
-0.114062
0.27818
-0.188692
0.150331
-0.040477
-0.326462
0.24469
-0.27024
0.116618
-0.0910124
0.266164
0.229258
-0.163773
-0.0675733
-0.253268
0.156719
0.0347626
-0.288593
0.142185
0.186982
0.317247
-0.260069
-0.128205
0.00499989
0.171758
-0.0299587
-0.0691272
0.0241578
-0.297647
0.217711
-0.028711
-0.217593
-0.195908
-0.0996767
-0.0936184
0.00821051
0.0455031
0.16079
-0.0631031
0.164358
-0.434934
-0.20371
-0.018533
0.123003
0.160504
-0.101789
0.0196505
-0.281843
-0.119818
-0.049899
-0.128261
-0.0263972
-0.154747
-0.100417
-0.000400888
0.137067
-0.099374
-0.11087
0.123381
-0.0820726
0.37038
0.134918
0.271792
-0.388791
0.38586
-0.192956
0.138559
-0.10695
0.115925
0.0634136
-0.0586571
-0.0592731
-0.270154
-0.0144024
-0.0102707
-0.209463
-0.0748798
-0.158193
-0.0556882
-0.134152
0.252069
0.121061
-0.173416
-0.0688766
0.302335
-0.0050638
-0.195309
-0.067622
-0.00531062
0.0552015
0.0880217
0.269574
-0.123814
0.0270392
-0.115873
0.278914
-0.060491
-0.180029
0.18999
-0.0658667
0.109546
-0.0755416
0.300316
0.150447
0.0852032
-0.322155
0.135075
0.106204
0.0721806
0.0453248
-0.360496
0.409148
0.104507
0.39055
-0.138128
-0.294634
-0.0980604
-0.282906
-0.141526
-0.0234664
0.0429572
0.012833
-0.0978113
-0.204576
0.0526854
-0.150838
0.0507064
0.00810329
0.338657
-0.173263
0.277632
0.164483
-0.164996
-0.103734
-0.0493122
0.20922
0.0442945
0.110193
-0.12471
0.380796
-0.021645
-0.254643
-0.0889703
0.260016
0.284311
0.151989
0.105121
-0.182425
0.0907039
-0.186132
0.0333347
-0.00637307
0.0487167
0.160807
-0.0617615
-0.0538627
0.135012
0.030566
-0.324836
0.0894611
-0.0661346
-0.0444089
0.075974
-0.00402573
-0.113505
-0.064557
-0.0466041
-0.140018
0.22878
0.345569
-0.239149
-0.164132
-0.0488926
-0.015245
-0.299986
0.336175
0.00436279
-0.205336
0.0767489
-0.150263
-0.0365333
0.025021
0.186152
-0.155354
0.0744849
0.247129
-0.0146565
-0.148622
0.0542571
0.0773597
-0.202744
0.160432
0.325812
0.253001
0.216365
0.0096693
0.0113415
0.217821
-0.344663
-0.00137735
0.205828
0.0726833
-0.285669
0.0965212
-0.0451239
0.164766
-0.208777
-0.236636
0.235724
0.201802
0.106275
-0.131522
-0.351735
-0.0358756
-0.2193
-0.080722
-0.050887
0.323751
0.0593467
-0.218577
-0.0081805
-0.21417
-0.0751381
-0.0109875
0.338236
-0.356191
-0.0217591
-0.284739
-0.201373
-0.268536
0.247205
0.13262
0.0328426
0.137285
-0.306724
-0.292197
0.151178
-0.0633219
-0.0822322
-0.145775
-0.203812
-0.123875
0.101161
-0.0503588
0.0645483
-0.213288
0.0902474
-0.057395
-0.366683
-0.220566
-0.0210384
0.0396292
-0.00993549
0.204274
0.393862
-0.351378
0.0537735
0.147257
0.0914353
0.263632
-0.211919
0.103957
0.275894
0.112237
-0.313089
0.253774
0.272422
-0.1427
-0.0917843
0.0717903
-0.108603
-0.108241
-0.0399756
-0.148584
0.0338051
-0.143762
-0.27131
0.150856
0.106648
-0.0464203
0.0354384
0.226978
-0.00838737
-0.118522
0.0754679
-0.185465
-0.13532
-0.102664
0.02919
0.0861432
-0.200998
-0.197973
0.147947
0.0302605
0.0572512
-0.00781385
0.0300879
0.240077
-0.00847448
-0.0982006
-0.202819
-0.0169586
-0.0501421
-0.107314
-0.218569
-0.157703
0.0100641
-0.0785286
-0.121702
0.145465
-0.14946
0.252072
0.191795
0.268037
-0.078661
0.0954295
0.17448
0.0857592
0.119122
-0.0500601
0.282559
-0.0608242
-0.0696236
-0.0733152
0.188449
-0.18738
0.0637198
0.0370126
-0.042037
0.0996592
0.069253
-0.384295
0.0954359
0.0569214
0.0457471
-0.215928
-0.0316053
0.119235
-0.232738
0.153302
0.0966094
0.138136
-0.156701
-0.0370207
-0.0841872
0.368512
0.00100182
-0.345319
-0.0439829
0.231991
-0.0210339
-0.0152616
-0.106255
-0.0917042
0.139714
0.244607
-0.0779767
-0.148633
-0.230053
0.0396402
-0.141608
0.06578
0.0958822
-0.205217
0.196412
-0.196712
-0.0940696
-0.227825
0.156853
-0.0179543
-0.146205
0.0760602
-0.0942024
-0.0986969
-0.0649634
0.182005
0.14363
0.132048
0.0517534
0.153606
-0.17769
-0.0432992
0.207491
0.0922076
0.0783525
-0.148766
0.226549
0.211555
0.0380564
0.00367254
0.260187
-0.127805
-0.0408954
-0.35492
-0.273903
0.200929
0.0777838
-0.122787
-0.0806521
-0.0100406
-0.0532862
-0.187724
-0.118845
0.196959
0.00856414
0.273519
0.0579076
-0.00659377
0.172414
0.0570172
-0.00648406
-0.141763
0.127625
-0.0445923
-0.266569
-0.0804857
-0.153666
0.168895
0.0605346
-0.130835
-0.0221862
0.164953
0.049652
0.00764909
0.154943
-0.0825501
0.0967825
-0.200396
0.119921
0.0156273
-0.350516
0.132274
-0.00408468
-0.220433
0.139746
0.0744771
0.0338623
-0.307614
-0.151856
-0.139828
0.10357
-0.0519055
0.0946675
-0.0222669
0.0496463
0.174256
-0.0516369
-0.234445
0.302312
-0.104729
0.158839
0.0167117
-0.0209059
-0.0970469
-0.0630775
-0.00650977
0.0921977
-0.213077
-0.183685
-0.0518331
-0.0913281
0.0758479
0.0650111
-0.0230338
0.108842
-0.182159
-0.10431
-0.0755325
0.245375
-0.0359525
0.0211573
-0.312409
-0.272614
-0.110037
0.028359
-0.11448
0.121331
-0.217307
-0.108592
0.00202203
-0.242908
-0.0619261
0.0774341
0.255658
0.15973
0.401052
0.181409
0.159651
0.0819994
-0.348741
0.0261938
-0.126942
0.191602
-0.151976
-0.108956
0.136572
0.0452145
0.199314
0.13668
-0.0868382
-0.164509
0.044431
0.16096
0.0607283
-0.281793
-0.17461
-0.0860636
-0.0867314
-0.194693
-0.0400561
-0.0644183
0.00673215
0.0191225
0.344722
-0.00284372
0.262442
-0.0447585
0.209992
0.103214
-0.16803
0.189026
-0.107105
-0.151006
0.116943
0.0745561
-0.00589427
-0.145779
-0.040277
0.00928582
0.172726
0.0160248
0.185053
-0.114081
0.344642
-0.101657
-0.251782
0.0716937
0.0849396
-0.0280703
-0.205846
-0.301033
-0.282938
0.0954986
-0.0724145
0.150331
0.290551
0.156849
-0.178458
-0.102737
-0.036974
0.219521
-0.0909315
0.249696
-0.121098
-0.228755
-0.308277
-0.152642
0.278722
0.217227
-0.0192
-0.151915
-0.00629554
-0.0600512
-0.0371831
0.32949
0.181935
0.10285
-0.174172
0.213523
0.167923
-0.0257243
0.0936166
0.275653
0.0342085
-0.0420808
-0.255951
0.0936787
-0.10543
-0.177926
-0.0384787
-0.256366
-0.00109576
-0.226321
0.0784448
0.012272
-0.129877
0.0983103
0.176563
0.0503733
0.0371479
0.0203434
0.246918
0.0238508
0.0615246
0.0277484
0.130515
-0.141863
-0.00471
0.247903
0.0766477
0.330647
0.227157
-0.219084
0.131173
0.24586
0.140474
0.0883665
0.329714
-0.140065
0.0703217
0.157024
0.281046
-0.0248839
0.0216332
-0.0569869
0.131142
0.109103
-0.138502
-0.0725708
0.0766153
0.165497
0.214574
0.230482
-0.0460661
-0.0763295
0.129237
0.246589
-0.00326794
0.14279
-0.0133873
-0.0980659
-0.0518081
-0.154921
-0.184725
-0.112855
-0.0730799
0.161826
0.301285
0.199433
-0.00176239
-0.243271
-0.14545
-0.148422
-0.498986
0.191794
-0.28318
0.0899643
0.0592773
-0.16879
0.225333
0.0269425
-0.0962984
-0.0667339
-0.0676366
-0.0604152
-0.207654
0.161387
-0.0226945
0.114918
-0.0578157
-0.222785
0.0682152
0.0323449
0.000127488
0.228587
0.194869
-0.18959
-0.165627
0.168697
0.206201
-0.0219809
0.0730422
0.361861
0.134404
0.182175
-0.0184737
0.149387
-0.134328
-0.101977
0.0921333
-0.345318
0.22016
0.25917
-0.298301
-0.214551
-0.39065
0.168774
-0.0315707
0.19889
-0.343703
-0.0109857
0.209463
0.262987
-0.0179394
-0.00666775
-0.0998618
0.00588326
0.0146769
-0.2254
0.0493282
-0.046827
0.0692793
0.0418264
-0.144441
-0.182312
-0.0495773
0.0976459
-0.110237
0.103501
-0.182151
0.124969
-0.17032
0.411373
-0.460314
0.121339
-0.111301
-0.138095
0.321184
0.30357
-0.0197048
0.20197
0.33419
0.047242
0.204271
0.0899381
0.26056
-0.135278
-0.117771
0.236274
0.0127926
-0.236237
0.0357573
-0.242876
-0.122723
0.278162
-0.0646065
-0.32393
-0.296347
0.136946
-0.328779
-0.111472
0.0776883
0.0262736
0.022017
0.00750652
-0.0645572
-0.0154474
-0.152394
0.0913846
-0.138924
-0.307343
0.031221
-0.0939944
0.0614939
0.0134156
-0.247601
-0.29323
-0.0214898
-0.111384
-0.211359
-0.122226
-0.244898
-0.0301519
-0.140144
0.092479
-0.0828688
-0.0736326
0.395546
-0.163114
-0.149176
-0.0501459
0.0630442
-0.17597
-0.174946
0.160246
-0.19587
0.0403501
-0.0634912
-0.0486681
-0.0976156
-0.177489
0.003881
-0.140691
-0.0156775
0.149267
-0.271589
-0.112494
0.287344
-0.0409563
0.0574941
0.0631729
-0.155937
0.0931338
-0.0433135
0.0564761
0.121738
0.106486
-0.0834407
0.0725126
0.0808584
0.165907
0.107419
0.292536
0.196352
0.0732857
0.119897
-0.0387577
-0.160065
-0.00512347
0.0249759
-0.233377
0.215226
0.00838702
-0.102927
0.16284
-0.140902
0.228708
0.166626
-0.0404106
-0.181833
-0.225683
-0.0260092
0.164218
0.118607
-0.236535
-0.283842
0.0914249
0.00987202
0.315059
0.0348584
0.0810248
-0.255577
-0.183275
0.0208755
0.084357
-0.032857
-0.0437139
-0.17066
0.157271
0.260646
-0.115364
-0.083037
-0.0214234
0.0640422
-0.0738212
0.1874
0.24723
0.184216
-0.162038
0.148309
0.361913
0.192773
0.175926
0.28707
-0.158194
-0.175235
0.138462
0.0836912
-0.0702627
0.24052
-0.0956505
0.0564955
0.241328
-0.0649666
0.0205017
0.145811
-0.237883
-0.350669
0.127004
0.234441
0.0545121
0.0914629
0.0507906
-0.193943
0.303761
0.187474
0.171111
0.121881
-0.0645369
0.252985
-0.0539282
0.213824
0.0582255
0.15645
-0.168751
0.138434
-0.0758559
-0.234855
0.338193
0.142007
0.0071845
-0.227654
0.202676
0.0684834
-0.290529
0.0238263
-0.207957
0.0621799
-0.104518
-0.0345567
-0.262698
-0.034352
-0.388348
-0.18921
0.0511018
-0.270589
-0.0305234
-0.193017
0.119248
0.201906
0.0340072
-0.0438576
0.2031
-0.0200205
-0.0214354
0.0443952
-0.185747
-0.15608
0.0536844
0.238652
-0.136807
-0.0103738
-0.17053
0.141999
-0.17693
0.209957
0.0291357
0.109062
-0.330628
-0.0408986
0.114854
-0.0820214
-0.120636
0.0710811
-0.237174
0.131304
-0.173941
0.233707
-0.00530098
0.325519
-0.0147689
0.279567
-0.206504
0.123049
-0.134085
0.0707248
-0.160065
-0.228567
-0.0409565
-0.111005
-0.0165546
0.145831
0.123656
-0.141464
0.136897
0.155567
-0.171836
0.0381848
-0.0234634
-0.255576
-0.259074
0.0155905
0.0946149
-0.25637
0.139116
0.214443
0.18896
-0.143741
-0.0913818
-0.0424261
-0.193181
0.173718
-0.0459426
-0.165822
-0.0479984
0.188083
0.231784
0.0340752
0.18387
-0.00915636
0.0413413
0.0925281
0.0934184
-0.163598
0.121765
0.217799
-0.172891
-0.376568
0.191482
0.181276
0.0707473
-0.13326
0.263474
-0.112269
-0.0874614
0.267874
0.126114
-0.130456
-0.26963
-0.0544003
-0.167738
-0.326324
0.0736951
-0.0995717
0.111251
-0.0480915
0.000633075
0.345794
-0.248085
-0.0895477
-0.255407
0.159388
0.250082
-0.125633
-0.0768766
0.0609733
-0.0719767
-0.0997946
-0.134566
-0.229029
-0.253552
0.0672329
0.225042
0.157497
-0.134025
0.106033
0.109755
0.236021
0.00933348
-0.113135
-0.313598
-0.0395094
0.152908
-0.367992
-0.133242
0.082303
0.00544508
-0.0386765
0.283636
-0.123595
0.34094
0.194515
-0.00622482
-0.206897
-0.10558
0.00269909
0.0606715
-0.231954
0.227135
-0.100108
-0.0651411
0.291401
-0.0835715
0.164028
0.054335
0.168253
-0.320793
0.0195278
-0.156813
0.0170356
-0.0133903
-0.224472
0.257017
-0.0711783
0.0528484
-0.121927
-0.0747958
0.355983
-0.249604
0.029041
-0.213097
0.326632
0.20095
0.226908
0.343915
-0.303685
0.0294681
-0.0954286
0.0645091
-0.0921428
0.190015
-0.289665
-0.162968
-0.169871
-0.113445
0.0523033
0.191036
-0.474694
-0.145213
-0.0584151
0.0310657
-0.193168
0.162715
-0.13509
-0.0328811
0.134214
0.152982
-0.0813634
-0.276322
-0.0929852
-0.134714
-0.0239466
-0.144979
0.149673
0.188772
0.359592
0.0557001
0.158759
0.0437663
-0.0416541
0.0442655
-0.0762532
-0.139395
-0.0178524
0.0526644
0.0655748
-0.0699837
-0.00985723
-0.315771
0.136869
-0.347353
0.0532195
-0.234475
-0.250359
-0.183757
-0.105883
-0.182542
0.126466
0.160756
0.0538843
-0.175988
-0.0651059
-0.131311
-0.148934
0.0956987
-0.161545
0.0775796
0.251127
-0.183332
0.277732
-3.79719e-05
0.150052
-0.196274
-0.153545
-0.340828
0.0616636
0.128264
0.153003
-0.0351518
-0.201953
0.00778317
0.0241982
-0.00280961
0.239264
-0.134495
0.268356
0.00104888
-0.0350656
0.240054
-0.0226625
0.262194
-0.0466523
-0.0283901
-0.125915
-0.175021
0.189894
0.182269
-0.0597345
-0.163212
0.269555
0.11439
0.158204
-0.127049
0.0320279
-0.181877
-0.284461
-0.0663511
0.122608
-0.0941331
0.0491398
-0.197513
-0.239674
0.15344
0.150642
-0.0346699
0.283862
-0.232711
-0.10047
-0.0541315
0.0234415
0.117491
-0.130276
0.27464
-0.169657
0.0898398
-0.0353802
-0.137669
0.346363
-0.0832958
0.173409
-0.239071
0.0354994
0.138032
-0.23068
0.115466
0.0267771
-0.0657726
0.203738
-0.0339827
-0.049174
0.148387
0.143389
0.00481711
-0.109241
0.132771
-0.243027
-0.322197
0.222502
0.135232
-0.0696408
0.0767512
0.0601293
-0.216894
-0.20279
-0.0540226
0.212479
0.0322519
-0.149216
-0.19956
0.226524
0.0817658
-0.16176
0.0299414
0.196868
0.0849667
-0.23262
0.390415
-0.172397
0.10752
0.231199
-0.22144
-0.238994
0.135911
-0.114139
0.112812
-0.0604157
-0.211849
0.174522
-0.0591185
-0.11508
-0.160783
0.345848
0.0137691
-0.134708
0.069546
0.147439
-0.330429
0.111935
0.0547838
0.283332
-0.0244393
0.0763226
0.136252
0.223045
-0.233841
0.167907
0.149826
-0.15953
-0.321338
0.121605
0.115696
0.126791
0.131855
-0.192724
-0.135417
0.00844667
-0.177801
0.113045
-0.240426
-0.269241
-0.136967
-0.0274004
-0.285536
-0.0530917
-0.0668375
-0.117758
-0.138634
-0.130556
-0.00830886
-0.0577093
0.219648
-0.142134
0.0942708
0.0369644
0.0908955
0.082431
-0.213876
0.15012
0.247093
-0.382567
-0.18767
-0.132259
0.110542
0.400566
0.0898189
-0.175558
0.0924591
-0.361903
-0.00325667
0.154243
-0.159214
-0.288035
0.491784
-0.22979
0.0220799
9.30623e-05
-0.180881
0.0207467
-0.220589
-0.112762
-0.154601
0.0199909
-0.110729
0.234408
-0.228659
-0.199824
0.193992
0.309431
-0.337548
0.0822045
-0.00560693
0.0604763
-0.237457
0.284864
-0.200505
0.131414
0.184329
0.0585466
0.200922
-0.0158293
-0.299514
0.127383
-0.190549
-0.0477009
0.0417196
0.158427
0.0359394
-0.381047
-0.0805482
0.22189
0.127544
0.125143
0.192318
-0.261405
0.0874598
0.0923511
-0.00606511
0.175983
-0.101105
0.281318
0.184957
0.203111
0.362188
0.101152
-0.0665832
0.105417
-0.08067
-0.00540448
0.243231
-0.40523
0.177399
0.0772577
0.071876
-0.0461185
-0.0683494
0.457736
-0.176245
0.1023
-0.0269802
-0.208179
-0.20739
0.220857
0.0261514
0.0175668
0.144954
-0.0879974
0.169697
0.189377
-0.140791
-0.215216
0.110453
0.00370396
-0.148405
0.181815
0.096025
-0.136962
-0.264517
0.275354
-0.00300781
0.00173766
0.0174236
-0.114719
0.0729209
-0.0118958
-0.370186
0.0364738
0.140021
0.0808411
-0.0314833
0.320944
-0.313262
-0.147352
-0.15248
0.0912645
0.114072
-0.196675
0.105834
0.0125572
0.126733
-0.161061
0.155936
-0.138864
0.108704
0.217432
-0.175948
-0.0109739
-0.143079
-0.0314241
-0.207356
0.159974
0.0510541
-0.066083
-0.154874
-0.0191254
0.1858
-0.162556
-0.0654773
0.0289016
0.100685
0.126415
0.202411
-0.0208857
0.188046
-0.211525
-0.180824
0.115983
0.173528
0.201205
-0.0365498
0.122887
-0.129764
-0.212221
0.235849
-0.234402
0.151156
-0.121662
-0.20684
-0.205267
-0.156988
-0.193648
-0.0112838
-0.196236
0.0310369
-0.169913
-0.105905
-0.0460488
0.0234566
-0.301964
0.197258
0.236625
0.151177
0.0352491
0.411814
-0.216685
0.235575
-0.00521454
0.148734
-0.245919
0.0254248
0.270047
0.0980434
-0.0585566
0.182117
0.105825
-0.18477
0.00198419
-0.192127
0.103439
0.0839806
0.292964
0.0705843
-0.166983
-0.130481
0.147538
-0.121494
0.252994
0.0423992
0.28389
-0.191938
-0.266251
0.100405
0.0620256
-0.211479
-0.442259
0.0781605
0.20521
0.104037
-0.0871628
-0.0878158
-0.294997
0.164909
-0.0230522
0.200431
0.272359
-0.0232088
-0.156028
0.0238218
0.106867
-0.0322883
-0.172932
0.164117
0.0291061
-0.162651
-0.139336
-0.00972614
0.273815
0.0148554
0.154839
0.326529
-0.231781
0.0943726
0.359785
-0.272798
0.044642
-0.1239
0.0839706
-0.205456
-0.529157
0.075966
-0.0128888
0.0646847
0.244211
-0.100152
-0.080284
0.034866
0.10824
0.235781
0.0191506
0.0996043
0.0590053
-0.0482002
-0.152469
-0.039725
-0.0717274
0.213531
-0.0249763
-0.167011
-0.0108737
-0.145417
-0.0763938
-0.0605349
0.0544856
-0.0368885
-0.204301
-0.242217
0.362245
0.0647267
-0.18939
-0.194305
-0.273266
-0.0632865
-0.358702
0.109151
-0.0240355
0.00847444
0.193441
-0.37623
0.0764921
0.0799369
-0.0540164
-0.0295764
0.0560678
0.128797
-0.115921
0.221359
0.248302
0.35191
0.0676859
0.107091
-0.073253
0.0786383
0.107683
0.0920283
-0.241438
-0.0165475
-0.226974
-0.0944624
0.189283
0.265664
-0.149735
0.195909
-0.220279
-0.143084
-0.25201
0.0631952
-0.131879
-0.0618775
-0.052627
-0.0897719
0.0630773
0.249226
0.197663
-0.132515
0.231791
0.0881834
-0.196627
0.066475
0.208995
-0.0870414
-0.186437
0.110902
-0.0713743
-0.209446
-0.232433
0.0427967
-0.0907458
-0.0173848
0.192015
-0.0830977
0.0211383
0.117808
0.201827
0.0182592
-0.0314792
-0.0701466
-0.327498
-0.09964
-0.193837
0.0846433
-0.191289
0.0150098
0.318215
0.174364
-0.056765
0.0111786
-0.0976911
-0.194252
-0.137688
-0.0570942
0.296293
0.130105
0.143371
-0.00457129
-0.0772184
0.0942807
-0.0669255
0.0691549
-0.166265
-0.128834
0.0142011
0.17541
-0.0524986
0.210995
0.187907
0.233759
0.176213
0.184229
-0.0182241
0.1093
-0.118275
-0.196397
0.146631
-0.0188872
-0.0670897
0.319748
0.0794146
0.046734
-0.14495
0.0856654
-0.24065
-0.0231618
-0.165357
-0.220896
-0.16936
-0.174534
0.0775988
0.187709
-0.12026
-0.186823
0.0860586
0.177409
-0.182417
-0.0228459
0.0469406
0.050286
-0.275461
0.0903748
0.118909
0.175012
-0.220816
0.0306821
-0.259352
0.282835
-0.00144215
-0.0193878
-0.0883502
0.0667382
0.200163
-0.17432
0.157462
0.161685
-0.0621886
-0.0249469
-0.136951
-0.124428
-0.078371
0.248408
-0.274097
0.223135
-0.100891
-0.10609
-0.230701
-0.0743748
-0.188016
0.0317721
0.261679
-0.0907684
-0.229867
-0.0912706
-0.0896233
0.0593524
0.316246
-0.145252
0.0891802
0.342062
0.0561694
-0.00201062
0.0798896
0.092786
-0.127718
0.0261752
0.306111
0.221701
0.141906
-0.108311
0.282157
-0.257946
0.35457
0.148933
0.157317
-0.13323
0.0140119
-0.0364315
0.240744
-0.0438453
0.167802
0.211685
0.2443
-0.526808
-0.0318836
0.259845
0.178901
0.163995
0.280181
0.0998626
0.200823
-0.247844
-0.244998
-0.18297
0.324992
0.114581
0.301532
-0.006893
0.132644
-0.191522
0.174003
0.250217
-0.0140419
0.0381202
-0.0625122
0.277533
-0.124931
0.128429
-0.166929
0.277646
0.225226
0.082875
0.328273
-0.0235894
0.24165
-0.0115023
0.0730218
-0.0746647
-0.0135888
0.306892
0.403562
0.170037
-0.166455
-0.166924
-0.247299
-0.301937
-0.0962784
0.0184353
BIAS
32
0.0721892
0.0958873
0.14702
0.259261
0.0013166
0.0813951
0.0465054
0.00738494
0.205599
0.177714
0.2895
0.052962
0.0721429
0.123083
0.300024
0.078169
0.153023
0.0938726
-0.00395152
-0.0406025
0.164542
0.111657
0.0555795
0.12994
0.24246
0.0763099
0.113646
0.0958823
0.0460255
0.114335
0.0793265
0.212958
