WEIGHTS
320
-0.372204
0.433993
0.422293
-0.48873
-0.231831
-0.414267
0.62429
-0.281215
-0.481108
0.176931
0.28557
0.175035
0.169884
-0.135644
-0.2492
0.418583
0.252021
0.0150198
-0.327226
-0.306172
-0.362431
-0.395033
0.384885
-0.545453
0.142093
-0.202572
0.26515
-0.134601
0.249351
-0.596705
-0.206441
0.476546
-0.398552
-0.133808
0.428325
-0.716925
0.203884
-0.424957
0.493788
-0.0733126
-0.34317
0.454091
0.445694
0.877581
-0.455316
0.0622572
-0.312188
0.373166
-0.383475
0.0334507
0.236245
0.381078
0.468216
-0.491456
-0.446653
0.610635
0.0236666
0.0658969
0.307299
-0.271791
0.33539
0.283097
0.524571
0.319732
0.297002
0.00779178
-0.396707
-0.230602
-0.478203
-0.560059
0.412915
0.302058
-0.435492
-0.283704
0.26629
-0.176279
-0.274434
0.233077
-0.710104
-0.325838
-0.149767
-0.305254
0.134998
0.632042
-0.525297
-0.0507766
-0.4054
-0.0659585
0.670177
-0.0179864
-0.297052
-0.62685
-0.419373
0.294011
-0.364712
0.830476
0.645955
0.0906712
0.260516
-0.0808899
0.443317
0.157998
0.451993
0.323515
-0.285059
-0.750596
-0.529226
-0.0252617
0.517052
0.151595
0.296019
-0.364398
-0.368519
0.407048
-0.169918
0.453767
0.377203
0.201201
-0.34329
-0.00164493
-0.015452
0.160441
-0.106692
-0.484457
0.368652
0.54225
-0.359728
0.409449
0.194051
-0.245145
-0.425498
0.313691
0.477283
-0.319205
-0.0375396
-0.725018
-0.277171
0.635615
0.280447
0.242847
-0.303705
-0.174893
0.35618
-0.399316
0.280832
0.0868292
-0.0771427
-0.200507
0.516685
0.62972
-0.33653
0.191943
-0.327128
0.0246441
-0.0920875
0.0112913
0.25881
0.14617
-0.257729
-0.117019
-0.288843
0.0749227
0.387422
-0.254819
-0.350359
-0.171161
0.825234
-0.379002
0.408572
-0.486811
0.0779823
-0.171284
-0.433383
-0.349927
0.399414
0.636396
-0.391417
-0.296312
-0.341566
0.476317
-0.612984
0.866936
-0.635829
0.0257233
-0.0475027
0.348017
-0.221658
0.127903
-0.144384
-0.0852411
0.280107
0.279349
-0.164455
-0.102958
-0.180879
0.0455104
0.205578
0.738311
-0.395431
-0.578937
-0.252475
-0.455902
0.37329
0.428163
-0.334069
0.115455
-0.50114
0.795731
0.529735
-0.613224
-0.1799
-0.482272
-0.230378
0.106144
0.547198
-0.336913
-0.249983
0.751505
-0.421074
1.23212
-0.475211
-0.143351
-0.0106061
0.827951
-0.0274808
0.450058
-0.334446
-0.314737
-0.441686
0.0614118
0.376649
-0.517315
0.134002
-0.0749684
-0.225334
0.29273
0.18808
0.458997
0.199453
0.435066
0.322192
-0.404263
-0.687413
0.363161
-0.115507
0.960529
0.157143
-0.5716
0.497105
0.702035
0.435095
-0.0640972
0.308661
-0.266305
-0.28414
-0.180621
0.464536
-0.207533
-0.0366753
-0.406118
-0.447565
0.134101
-0.298757
0.714794
-0.534675
0.276725
0.0362973
0.43532
0.566737
0.0859458
1.011
-0.0509467
-0.507775
-0.40592
-0.0342488
-0.438849
0.483711
-0.160266
-0.353205
0.275297
0.221555
0.017521
-0.293516
-0.0462267
0.253635
-0.195322
0.213389
0.593593
0.0454911
-0.162537
0.586378
-0.516924
0.566216
0.480354
0.197677
0.00427584
-0.198411
-0.407555
-0.332074
0.230834
-0.350659
0.205018
0.414524
-0.445264
0.615637
0.0257144
0.279776
0.00424622
-0.466187
-0.568895
-0.340565
-0.340565
-0.665435
0.231626
0.862532
-0.355389
-0.121069
-0.0892332
0.18009
0.120636
BIAS
10
0.119034
-0.0589831
0.025335
0.107985
0.143109
0.0243673
0.0261048
-0.0829172
0.330571
0.365413
